1	+	201755	1
1	+	340077	1
1	+	395525	1
1	+	492927	1
1	+	520350	5
1	+	520395	1
1	+	779999	2
1	+	807004	2
1	+	810868	1
1	+	835358	1
1	+	853997	1
1	+	854074	1
1	+	854136	2
1	+	899542	2
1	+	899654	1
1	+	902920	2
1	+	909359	3
1	+	924648	1
1	+	1061178	1
1	+	1075511	1
1	+	1128071	1
1	+	1138543	1
1	+	1148450	1
1	+	1193886	1
1	+	1201433	1
1	+	1217265	1
1	+	1217390	3
1	+	1217443	1
1	+	1230748	1
1	+	1230810	1
1	+	1293353	1
1	+	1315657	3
1	+	1355367	1
1	+	1400757	1
1	+	1484018	1
1	+	1687410	1
1	+	1789672	1
1	+	1796662	1
1	+	1904758	1
1	+	1913206	1
1	+	1967063	1
1	+	2002694	2
1	+	2027176	1
1	+	2047573	1
1	+	2049302	55
1	+	2049407	1
1	+	2049419	1
1	+	2155232	1
1	+	2169854	2
1	+	2206904	1
1	+	2206931	1
1	+	2216955	1
1	+	2241129	1
1	+	2294592	1
1	+	2309544	1
1	+	2341895	1
1	+	2342076	1
1	+	2381269	1
1	+	2381362	1
1	+	2407940	1
1	+	2410080	1
1	+	2423606	1
1	+	2426575	1
1	+	2426640	1
1	+	2439653	7
1	+	2457275	16
1	+	2460663	1
1	+	2460695	14
1	+	2573320	1
1	+	2637846	3
1	+	2685568	1
1	+	2706781	1
1	+	2714735	1
1	+	2743512	2
1	+	2768602	1
1	+	2779269	1
1	+	2809745	1
1	+	2829249	1
1	+	2928939	1
1	+	2998080	1
1	+	3009824	8
1	+	3018117	2
1	+	3018149	5
1	+	3018183	2
1	+	3018210	1
1	+	3065889	1
1	+	3107756	8
1	+	3107791	1
1	+	3122428	1
1	+	3122550	1
1	+	3159120	1
1	+	3159215	1
1	+	3165358	1
1	+	3176839	1
1	+	3190243	1
1	+	3377316	1
1	+	3465747	3
1	+	3535061	1
1	+	3538219	1
1	+	3538271	1
1	+	3630758	1
1	+	3663887	1
1	+	3665030	3
1	+	3665084	2
1	+	3804970	1
1	+	3849094	1
1	+	3849134	3
1	+	3890765	1
1	+	3918068	1
1	+	3918106	1
1	+	3918144	4
1	+	3940753	1
1	+	3940755	1
1	+	3969727	3
1	+	3985169	1
1	+	3997725	3
1	+	4003379	6
1	+	4085028	1
1	+	4109467	1
1	+	4161381	1
1	+	4285846	1
1	+	4378485	2
1	+	4454821	1
1	+	4463471	1
1	+	4465657	1
1	+	4488510	1
1	+	4501551	1
1	+	4543599	1
1	+	4548666	1
1	+	4612845	1
1	+	4694355	1
1	+	4712560	1
1	+	4726498	1
1	+	4737868	1
1	+	4761718	1
1	+	4774810	2
1	+	4779375	2
1	+	4796605	1
1	+	4800254	1
1	+	4840735	1
1	+	4889581	12
1	+	4889622	1
1	+	4992605	1
1	+	5040518	1
1	+	5151288	2
1	+	5204114	4
1	+	5256686	1
1	+	5328869	1
1	+	5402357	2
1	+	5402428	6
1	+	5402503	1
1	+	5472885	2
1	+	5472917	3
1	+	5472942	1
1	+	5491231	1
1	+	5501287	1
1	+	5506608	1
1	+	5611244	1
1	+	5611330	4
1	+	5640178	1
1	+	5709531	1
1	+	5722438	1
1	+	5756842	1
1	+	5770486	1
1	+	5776280	2
1	+	5840272	1
1	+	5845597	2
1	+	5845676	1
1	+	5926291	2
1	+	6006335	3
1	+	6037281	1
1	+	6063290	1
1	+	6100313	1
1	+	6203956	1
1	+	6221076	1
1	+	6224029	5
1	+	6224079	1
1	+	6224136	2
1	+	6255627	1
1	+	6366209	1
1	+	6373042	2
1	+	6443210	1
1	+	6551969	1
1	+	6605848	1
1	+	6690403	2
1	+	6777349	1
1	+	6781071	1
1	+	6807863	1
1	+	6825432	2
1	+	6914541	5
1	+	6944992	4
1	+	6974739	1
1	+	7020464	1
1	+	7020540	2
1	+	7130587	1
1	+	7134370	2
1	+	7146415	4
1	+	7158217	1
1	+	7235067	1
1	+	7235116	1
1	+	7244852	1
1	+	7339428	1
1	+	7375746	3
1	+	7441964	2
1	+	7587983	1
1	+	7592881	1
1	+	7628226	1
1	+	7648778	7
1	+	7682605	1
1	+	7738673	1
1	+	7837262	1
1	+	7927026	1
1	+	7927094	1
1	+	7966368	1
1	+	8004296	1
1	+	8052890	2
1	+	8069316	1
1	+	8080496	2
1	+	8102376	1
1	+	8122127	1
1	+	8201065	1
1	+	8201184	7
1	+	8224403	1
1	+	8244319	1
1	+	8263537	5
1	+	8324154	1
1	+	8324235	1
1	+	8338581	1
1	+	8435779	1
1	+	8541820	1
1	+	8710735	1
1	+	8755450	1
1	+	8861295	1
1	+	8918167	1
1	+	8918198	1
1	+	9019376	1
1	+	9056848	1
1	+	9187494	1
1	+	9207295	15
1	+	9207333	1
1	+	9207385	2
1	+	9211542	1
1	+	9217945	3
1	+	9300702	1
1	+	9322942	2
1	+	9330249	1
1	+	9330283	2
1	+	9330494	1
1	+	9346356	1
1	+	9380670	1
1	+	9426737	2
1	+	9484290	1
1	+	9494051	2
1	+	9516848	5
1	+	9562309	1
1	+	9634550	1
1	+	9671521	1
1	+	9742075	1
1	+	9742107	4
1	+	9742158	1
1	+	9782670	1
1	+	10026239	1
1	+	10151246	5
1	+	10151305	4
1	+	10151359	3
1	+	10226037	1
1	+	10254609	1
1	+	10266664	1
1	+	10355384	1
1	+	10373691	1
1	+	10373880	2
1	+	10377836	2
1	+	10449807	1
1	+	10472050	3
1	+	10472077	1
1	+	10478950	2
1	+	10479006	219
1	+	10479054	1
1	+	10479141	1
1	+	10494477	1
1	+	10620024	1
1	+	10640676	10
1	+	10718980	2
1	+	10723120	33
1	+	10723180	6
1	+	10723248	3
1	+	10813626	1
1	+	10886275	1
1	+	10890216	1
1	+	11000639	1
1	+	11134390	1
1	+	11141108	1
1	+	11158654	2
1	+	11229936	1
1	+	11253872	2
1	+	11347918	1
1	+	11364248	1
1	+	11364273	1
1	+	11399533	1
1	+	11457912	1
1	+	11531140	1
1	+	11534540	1
1	+	11534578	4
1	+	11534612	9
1	+	11609721	1
1	+	11678528	1
1	+	11739260	2
1	+	11785599	1
1	+	11957222	4
1	+	11957284	3
1	+	11967847	1
1	+	12012368	9
1	+	12024629	1
1	+	12024657	6
1	+	12024710	2
1	+	12049968	1
1	+	12076102	1
1	+	12204666	1
1	+	12266778	2
1	+	12355025	1
1	+	12369144	1
1	+	12433129	4
1	+	12552616	1
1	+	12582713	1
1	+	12582724	2
1	+	12868782	1
1	+	12914697	1
1	+	13208231	1
1	+	13210344	1
1	+	13210391	5
1	+	13224505	1
1	+	13478391	1
1	+	13643062	1
1	+	13671042	1
1	+	14161786	2
1	+	14161851	2
1	+	15894463	1
1	+	15979883	2
1	+	16127266	1
1	+	16129682	8
1	+	16129737	8
1	+	16268793	8
1	+	16482775	1
1	+	16621916	1
1	+	16873322	32
1	+	17069242	1
1	+	17128618	1
1	+	17193174	1
1	+	17302848	1
1	+	17321024	1
1	+	17560205	1
1	+	17759335	1
1	+	17868308	11
1	+	17908470	1
1	+	17920985	2
1	+	17920986	1
1	+	17950522	1
1	+	17969233	2
1	+	18101589	7
1	+	18218232	1
1	+	18247924	1
1	+	18328678	1
1	+	18402535	1
1	+	18419894	1
1	+	18419947	1
1	+	18420049	1
1	+	18473798	1
1	+	18505359	1
1	+	18505511	1
1	+	18505548	1
1	+	18519864	1
1	+	18661860	1
1	+	18661930	1
1	+	18721256	1
1	+	18808986	2
1	+	18867145	3
1	+	18872904	1
1	+	18937582	2
1	+	19076555	1
1	+	19135457	1
1	+	19153780	1
1	+	19153852	1
1	+	19246277	3
1	+	19307303	1
1	+	19307348	3
1	+	19438933	2
1	+	19455576	1
1	+	19455622	7
1	+	19455672	11
1	+	19472772	1
1	+	19487434	1
1	+	19506124	1
1	+	19568402	1
1	+	19592673	1
1	+	19646431	2
1	+	19687837	1
1	+	19687864	1
1	+	19713254	1
1	+	19794760	1
1	+	19847724	1
1	+	19907062	1
1	+	20003965	1
1	+	20038204	1
1	+	20103589	1
1	+	20136943	1
1	+	20169566	1
1	+	20169599	1
1	+	20169644	1
1	+	20191849	1
1	+	20293267	1
1	+	20390947	2
1	+	20391010	1
1	+	20440979	1
1	+	20441028	1
1	+	20441116	3
1	+	20450864	1
1	+	20483997	1
1	+	20538999	1
1	+	20653644	1
1	+	20715484	1
1	+	20907395	1
1	+	20913391	1
1	+	20922106	1
1	+	20963452	7
1	+	21030605	4
1	+	21032028	1
1	+	21044727	6
1	+	21056796	1
1	+	21138157	1
1	+	21142556	1
1	+	21161916	1
1	+	21356485	8
1	+	21356519	3
1	+	21380279	4
1	+	21457672	1
1	+	21888739	1
1	+	21898405	1
1	+	21900898	1
1	+	22040038	2
1	+	22445160	36
1	+	22445223	1
1	+	22560691	1
1	+	22571825	1
1	+	22701268	3
1	+	22701310	8
1	+	22701353	4
1	+	22812578	2
1	+	22815590	3
1	+	22923921	1
1	+	22924027	1
1	+	23031799	1
1	+	23129720	1
1	+	23162679	1
1	+	23172089	1
1	+	23195020	1
1	+	23421727	1
1	+	23427289	1
1	+	23536464	1
1	+	23743239	1
1	+	23835464	1
1	+	23887034	1
1	+	23889648	4
1	+	23936866	1
1	+	23936871	1
1	+	23958312	1
1	+	23963075	1
1	+	23973519	1
1	+	23973615	1
1	+	24037247	1
1	+	24052481	1
1	+	24059509	1
1	+	24059541	1
1	+	24100907	2
1	+	24129291	1
1	+	24154272	1
1	+	24230866	1
1	+	24230907	1
1	+	24240642	2
1	+	24244716	2
1	+	24355240	1
1	+	24446293	1
1	+	24472401	1
1	+	24542058	3
1	+	24542092	1
1	+	24557421	3
1	+	24616830	1
1	+	24616857	2
1	+	24780552	1
1	+	24840611	2
1	+	24840613	1
1	+	24930552	1
1	+	24958151	1
1	+	25039359	2
1	+	25236803	2
1	+	25263756	12
1	+	25278721	1
1	+	25376018	3
1	+	25376054	1
1	+	25378562	1
1	+	25462769	1
1	+	25495876	6
1	+	25495925	3
1	+	25561194	1
1	+	25574824	1
1	+	25695478	1
1	+	25784117	1
1	+	25805043	1
1	+	25881638	2
1	+	25881668	1
1	+	26001594	1
1	+	26035501	1
1	+	26081704	1
1	+	26090282	1
1	+	26090332	1
1	+	26096988	1
1	+	26127928	2
1	+	26131292	1
1	+	26141927	1
1	+	26143236	1
1	+	26143456	2
1	+	26191235	3
1	+	26191282	3
1	+	26221784	1
1	+	26221826	1
1	+	26234902	2
1	+	26237373	1
1	+	26402332	1
1	+	26431436	1
1	+	26431462	1
1	+	26615959	1
1	+	26626473	1
1	+	26688350	1
1	+	26746337	1
1	+	26764627	1
1	+	26815666	1
1	+	26869905	1
1	+	26891701	1
1	+	26937504	2
1	+	27056232	1
1	+	27056345	1
1	+	27109268	1
1	+	27150883	1
1	+	27157663	2
1	+	27167368	2
1	+	27304586	2
1	+	27345535	1
1	+	27376525	1
1	+	27393232	1
1	+	27440417	4
1	+	27455898	1
1	+	27481408	1
1	+	27611067	1
1	+	27612278	1
1	+	27673570	1
1	+	27673618	1
1	+	27703445	1
1	+	27736171	1
1	+	27780663	1
1	+	27780678	1
1	+	27787740	2
1	+	27828905	2
1	+	27864189	2
1	+	27917047	1
1	+	27917075	1
1	+	27961409	1
1	+	27992958	9
1	+	28034828	4
1	+	28054130	1
1	+	28079894	6
1	+	28125813	1
1	+	28178870	1
1	+	28178932	4
1	+	28242779	1
1	+	28272815	3
1	+	28272833	1
1	+	28272879	1
1	+	28328859	1
1	+	28328983	1
1	+	28402193	3
1	+	28402254	1
1	+	28517651	2
1	+	28537165	1
1	+	28574998	1
1	+	28594668	2
1	+	28686173	1
1	+	28686213	2
1	+	28698563	3
1	+	28890327	1
1	+	29071760	1
1	+	29120208	1
1	+	29167734	2
1	+	29275419	1
1	+	29285949	1
1	+	29339634	1
1	+	29346985	6
1	+	29358517	1
1	+	29358560	1
1	+	29366020	1
1	+	29406633	1
1	+	29406661	2
1	+	29432659	1
1	+	29463344	2
1	+	29552370	1
1	+	29577586	1
1	+	29596186	1
1	+	29664843	1
1	+	29664869	1
1	+	29736551	1
1	+	29736842	1
1	+	29736905	48
1	+	29746843	1
1	+	29803933	1
1	+	29819011	1
1	+	29844558	2
1	+	29890116	1
1	+	30045983	1
1	+	30183438	1
1	+	30183495	1
1	+	30194457	1
1	+	30194560	1
1	+	30219928	1
1	+	30219961	1
1	+	30227541	1
1	+	30272574	1
1	+	30272634	1
1	+	30290296	1
1	+	30307372	1
1	-	31185	1
1	-	33741	5
1	-	47495	1
1	-	50093	11
1	-	50173	7
1	-	64325	2
1	-	67320	1
1	-	73931	1
1	-	121108	1
1	-	121133	4
1	-	121171	1
1	-	123576	1
1	-	154394	1
1	-	154471	1
1	-	156810	1
1	-	180127	3
1	-	180161	1
1	-	180230	2
1	-	180304	1
1	-	221795	1
1	-	225810	2
1	-	225868	3
1	-	313420	2
1	-	330615	1
1	-	387280	1
1	-	400036	1
1	-	400089	1
1	-	403198	1
1	-	450541	1
1	-	462052	1
1	-	471133	2
1	-	607845	1
1	-	607912	7
1	-	607946	12
1	-	623799	1
1	-	623850	1
1	-	661220	1
1	-	712467	1
1	-	731648	1
1	-	732054	1
1	-	753420	6
1	-	753455	1
1	-	753656	1
1	-	869051	2
1	-	916845	1
1	-	916873	1
1	-	933146	1
1	-	1042288	1
1	-	1075544	2
1	-	1075662	1
1	-	1106469	1
1	-	1141655	5
1	-	1141718	1
1	-	1189111	1
1	-	1189146	1
1	-	1189186	2
1	-	1234231	1
1	-	1258623	1
1	-	1303615	1
1	-	1303673	1
1	-	1303952	1
1	-	1336363	1
1	-	1340589	1
1	-	1340645	1
1	-	1403154	1
1	-	1413734	1
1	-	1416413	2
1	-	1431258	3
1	-	1502378	13
1	-	1560686	1
1	-	1560755	1
1	-	1596201	1
1	-	1766546	5
1	-	1766719	1
1	-	1801177	1
1	-	1808006	1
1	-	1828523	5
1	-	1834887	1
1	-	1869034	1
1	-	1892580	1
1	-	1894401	1
1	-	1960106	1
1	-	2003676	1
1	-	2049622	2
1	-	2052482	1
1	-	2060710	1
1	-	2076525	1
1	-	2076561	1
1	-	2111365	1
1	-	2192031	3
1	-	2192057	1
1	-	2264720	1
1	-	2301399	1
1	-	2338661	13
1	-	2338706	1
1	-	2338775	1
1	-	2338869	1
1	-	2344473	1
1	-	2390752	1
1	-	2408227	4
1	-	2408255	12
1	-	2421218	2
1	-	2421268	1
1	-	2463044	1
1	-	2463088	20
1	-	2465772	1
1	-	2469287	1
1	-	2473329	1
1	-	2574000	2
1	-	2574043	1
1	-	2640808	1
1	-	2640917	42
1	-	2667867	2
1	-	2667927	1
1	-	2691118	1
1	-	2691209	1
1	-	2691307	1
1	-	2715079	1
1	-	2748433	1
1	-	2809820	1
1	-	2846988	1
1	-	2952959	1
1	-	2971622	1
1	-	2973018	3
1	-	3037807	1
1	-	3112851	2
1	-	3136285	2
1	-	3147769	1
1	-	3165371	1
1	-	3230475	2
1	-	3230536	1
1	-	3269693	1
1	-	3304041	1
1	-	3322857	1
1	-	3395543	1
1	-	3395573	1
1	-	3397100	5
1	-	3442426	1
1	-	3442498	2
1	-	3460024	2
1	-	3502042	1
1	-	3502116	1
1	-	3601014	1
1	-	3607696	3
1	-	3614572	1
1	-	3655765	1
1	-	3655862	2
1	-	3817512	1
1	-	3834602	1
1	-	4016867	4
1	-	4039710	1
1	-	4089864	1
1	-	4089890	2
1	-	4114833	1
1	-	4178509	1
1	-	4187316	4
1	-	4226361	1
1	-	4263265	2
1	-	4267159	1
1	-	4379761	1
1	-	4392503	5
1	-	4394969	1
1	-	4396360	1
1	-	4396548	1
1	-	4440545	1
1	-	4563541	1
1	-	4576960	1
1	-	4589092	1
1	-	4608186	1
1	-	4608246	24
1	-	4608320	2
1	-	4620206	2
1	-	4638660	2
1	-	4644711	1
1	-	4680425	1
1	-	4874974	1
1	-	4927009	1
1	-	4927080	1
1	-	4929123	1
1	-	4946277	1
1	-	5102498	1
1	-	5102525	4
1	-	5102587	1
1	-	5105123	1
1	-	5116642	1
1	-	5132554	1
1	-	5132630	2
1	-	5132656	2
1	-	5165710	3
1	-	5165793	1
1	-	5193480	1
1	-	5228335	2
1	-	5250660	2
1	-	5250716	1
1	-	5257039	1
1	-	5257065	2
1	-	5257111	2
1	-	5275694	1
1	-	5331870	1
1	-	5414972	1
1	-	5446539	25
1	-	5446591	23
1	-	5446645	1
1	-	5675665	1
1	-	5729133	1
1	-	5770737	1
1	-	5779013	1
1	-	5779034	1
1	-	5909299	1
1	-	5951593	1
1	-	5951642	1
1	-	6093431	1
1	-	6096427	1
1	-	6152397	1
1	-	6152426	2
1	-	6192108	1
1	-	6211885	1
1	-	6213775	3
1	-	6283469	1
1	-	6377320	4
1	-	6377331	3
1	-	6377365	1
1	-	6481162	1
1	-	6485618	1
1	-	6523293	1
1	-	6561010	1
1	-	6609379	1
1	-	6712056	1
1	-	6712115	1
1	-	6796263	1
1	-	6800017	1
1	-	6809763	1
1	-	6819576	1
1	-	6823004	1
1	-	6897611	1
1	-	6900237	1
1	-	6914620	2
1	-	6937875	2
1	-	6937929	1
1	-	6969173	1
1	-	7001200	1
1	-	7001271	1
1	-	7020749	1
1	-	7038814	3
1	-	7042638	114
1	-	7083359	1
1	-	7084554	1
1	-	7088067	1
1	-	7134754	1
1	-	7158262	1
1	-	7244939	1
1	-	7297295	1
1	-	7301803	1
1	-	7378591	1
1	-	7378635	1
1	-	7419804	2
1	-	7502186	1
1	-	7518992	1
1	-	7529866	1
1	-	7529896	3
1	-	7529944	1
1	-	7530740	1
1	-	7534151	1
1	-	7548591	1
1	-	7553155	1
1	-	7566231	1
1	-	7619967	1
1	-	7651647	1
1	-	7651685	1
1	-	7690878	1
1	-	7828380	1
1	-	7878877	7
1	-	7953057	3
1	-	7955488	1
1	-	7955570	1
1	-	8013379	1
1	-	8028167	1
1	-	8028201	1
1	-	8030698	1
1	-	8080531	1
1	-	8234097	1
1	-	8268536	14
1	-	8268601	8
1	-	8268650	2
1	-	8309279	1
1	-	8309404	1
1	-	8312076	1
1	-	8312102	1
1	-	8406768	1
1	-	8427913	1
1	-	8557216	1
1	-	8853996	1
1	-	8933782	1
1	-	9024343	1
1	-	9039727	1
1	-	9044439	1
1	-	9126768	1
1	-	9285490	1
1	-	9300938	2
1	-	9301000	1
1	-	9315513	1
1	-	9407316	1
1	-	9484274	1
1	-	9484332	2
1	-	9484368	1
1	-	9484438	1
1	-	9527629	1
1	-	9731385	2
1	-	9812962	2
1	-	9889210	1
1	-	9969439	1
1	-	10051036	1
1	-	10190137	1
1	-	10223268	2
1	-	10277889	1
1	-	10305815	1
1	-	10385016	2
1	-	10393719	1
1	-	10393815	2
1	-	10459575	1
1	-	10472279	8
1	-	10472280	90
1	-	10473187	1
1	-	10474917	122
1	-	10475063	1
1	-	10479120	1
1	-	10498310	2
1	-	10499761	1
1	-	10546633	1
1	-	10807049	1
1	-	10831726	1
1	-	10858386	1
1	-	10993194	1
1	-	10993214	2
1	-	11114761	3
1	-	11158637	1
1	-	11214915	54
1	-	11214989	2
1	-	11216974	1
1	-	11217841	1
1	-	11255849	1
1	-	11273638	1
1	-	11288454	1
1	-	11288499	1
1	-	11592973	1
1	-	11739256	1
1	-	11739301	2
1	-	11742169	1
1	-	11749799	1
1	-	11820958	1
1	-	11920508	1
1	-	12057264	1
1	-	12357985	1
1	-	12370084	1
1	-	12370123	1
1	-	12587837	1
1	-	12590935	1
1	-	12736094	1
1	-	12736160	1
1	-	12745950	1
1	-	13836257	1
1	-	13898449	4
1	-	14027290	1
1	-	14027294	1
1	-	14184923	1
1	-	15603687	2
1	-	15651126	6
1	-	16135863	1
1	-	16135918	1
1	-	16398152	1
1	-	16410538	2
1	-	16486412	1
1	-	16641984	1
1	-	16655857	1
1	-	16708067	2
1	-	16708068	4
1	-	16796418	1
1	-	16834632	1
1	-	16848304	1
1	-	16848380	1
1	-	16848429	1
1	-	16896742	1
1	-	16914206	1
1	-	16982936	1
1	-	17075183	1
1	-	17169554	1
1	-	17282856	2
1	-	17282895	1
1	-	17282954	1
1	-	17321168	1
1	-	17518250	1
1	-	17682224	1
1	-	17717142	5
1	-	17717178	1
1	-	17886154	1
1	-	17981817	1
1	-	18065008	1
1	-	18068765	1
1	-	18285499	1
1	-	18285546	1
1	-	18321797	3
1	-	18356913	1
1	-	18378693	1
1	-	18410991	3
1	-	18428906	1
1	-	18501783	2
1	-	18519998	1
1	-	18591258	1
1	-	18638454	2
1	-	18712024	1
1	-	19052069	15
1	-	19097806	1
1	-	19097850	1
1	-	19102810	1
1	-	19128143	1
1	-	19128159	1
1	-	19158755	1
1	-	19453595	1
1	-	19453651	3
1	-	19475055	13
1	-	19573075	1
1	-	19849904	1
1	-	19854714	8
1	-	19854749	2
1	-	19884026	1
1	-	19966977	1
1	-	20053195	1
1	-	20065740	2
1	-	20170736	4
1	-	20179473	1
1	-	20195299	1
1	-	20246252	1
1	-	20275534	1
1	-	20275604	1
1	-	20309829	5
1	-	20310406	1
1	-	20357006	1
1	-	20357066	1
1	-	20401440	1
1	-	20414496	4
1	-	20597865	1
1	-	20648480	1
1	-	20715589	4
1	-	20725704	1
1	-	20791676	1
1	-	20802738	23
1	-	20803729	1
1	-	20927763	2
1	-	20966616	1
1	-	20968049	29
1	-	20984397	3
1	-	20984470	1
1	-	20987141	1
1	-	21025882	2
1	-	21052324	1
1	-	21072864	1
1	-	21072958	1
1	-	21086554	1
1	-	21086557	3
1	-	21086639	1
1	-	21089923	9
1	-	21138558	1
1	-	21198304	1
1	-	21362550	1
1	-	21429874	1
1	-	21504330	2
1	-	21623730	3
1	-	21623783	1
1	-	21806077	1
1	-	21842352	1
1	-	22090240	1
1	-	22093570	1
1	-	22093611	1
1	-	22142759	1
1	-	22142807	1
1	-	22324553	1
1	-	22342413	1
1	-	22366705	2
1	-	22369036	1
1	-	22462023	1
1	-	22534716	1
1	-	22534733	1
1	-	22674119	1
1	-	22689615	1
1	-	22718689	1
1	-	22718753	3
1	-	22812649	1
1	-	22867906	1
1	-	22924210	1
1	-	22947513	1
1	-	22962126	1
1	-	22975570	13
1	-	23181466	1
1	-	23233479	2
1	-	23233518	2
1	-	23272479	1
1	-	23494648	1
1	-	23499265	1
1	-	23583597	1
1	-	23603988	1
1	-	23657623	1
1	-	23689786	1
1	-	23738675	1
1	-	23738797	1
1	-	23954903	5
1	-	24046672	1
1	-	24046748	2
1	-	24046908	1
1	-	24060892	1
1	-	24064966	2
1	-	24096435	1
1	-	24134157	1
1	-	24137566	1
1	-	24140008	1
1	-	24154323	1
1	-	24248828	3
1	-	24248911	2
1	-	24306707	1
1	-	24418147	1
1	-	24440284	1
1	-	24473019	1
1	-	24559335	1
1	-	24559380	1
1	-	24605712	2
1	-	24655250	4
1	-	24686290	1
1	-	24695679	1
1	-	24774218	5
1	-	24774259	1
1	-	24863829	2
1	-	24933898	1
1	-	24992584	7
1	-	24992699	1
1	-	25019037	1
1	-	25048280	205
1	-	25048390	7
1	-	25100896	1
1	-	25154039	1
1	-	25163683	1
1	-	25163728	1
1	-	25188372	1
1	-	25197909	1
1	-	25236953	1
1	-	25365822	1
1	-	25394312	15
1	-	25446285	1
1	-	25449367	1
1	-	25449426	1
1	-	25478757	1
1	-	25598362	1
1	-	25712586	1
1	-	25726747	1
1	-	25734252	4
1	-	25757514	4
1	-	25777852	1
1	-	25777919	1
1	-	25872455	1
1	-	26039232	1
1	-	26045126	1
1	-	26050232	2
1	-	26111802	1
1	-	26193658	3
1	-	26239843	1
1	-	26296755	1
1	-	26341874	1
1	-	26356344	1
1	-	26363351	1
1	-	26432377	1
1	-	26465903	1
1	-	26471082	1
1	-	26512815	1
1	-	26534020	1
1	-	26563924	1
1	-	26584702	1
1	-	26588451	1
1	-	26588534	1
1	-	26620963	3
1	-	26621002	2
1	-	26621113	1
1	-	26688321	1
1	-	26695321	1
1	-	26715187	1
1	-	26715259	1
1	-	26725715	1
1	-	26795258	1
1	-	26795295	1
1	-	26861664	1
1	-	26861700	1
1	-	26885471	1
1	-	26986036	1
1	-	26986091	1
1	-	27080324	2
1	-	27109291	1
1	-	27111987	1
1	-	27242944	1
1	-	27242979	6
1	-	27264911	2
1	-	27265026	1
1	-	27274115	1
1	-	27274205	1
1	-	27286040	1
1	-	27319741	2
1	-	27339130	35
1	-	27540230	1
1	-	27540304	3
1	-	27540349	1
1	-	27633351	2
1	-	27688224	2
1	-	27688263	1
1	-	27690350	1
1	-	27690387	1
1	-	27704035	1
1	-	27745468	1
1	-	27755557	1
1	-	27798311	1
1	-	27805053	1
1	-	27847093	1
1	-	27847168	1
1	-	27849831	1
1	-	27851727	1
1	-	27928258	1
1	-	27948021	1
1	-	28115901	1
1	-	28129825	1
1	-	28129904	1
1	-	28135521	4
1	-	28139025	1
1	-	28151964	1
1	-	28151994	2
1	-	28157529	1
1	-	28157540	3
1	-	28190943	1
1	-	28190978	1
1	-	28220653	2
1	-	28266322	1
1	-	28276425	1
1	-	28281481	2
1	-	28299800	1
1	-	28337903	3
1	-	28347061	1
1	-	28371140	1
1	-	28417070	2
1	-	28422109	1
1	-	28422113	6
1	-	28441529	5
1	-	28477825	1
1	-	28498003	1
1	-	28515271	1
1	-	28522687	1
1	-	28524529	1
1	-	28528082	3
1	-	28550472	1
1	-	28553986	2
1	-	28577969	1
1	-	28586800	3
1	-	28586875	3
1	-	28895302	1
1	-	28947755	1
1	-	28951652	2
1	-	29191961	1
1	-	29191999	1
1	-	29230223	2
1	-	29235856	1
1	-	29303976	5
1	-	29450560	1
1	-	29484275	12
1	-	29484333	4
1	-	29486441	2
1	-	29486552	2
1	-	29535288	1
1	-	29634312	1
1	-	29882235	1
1	-	29924124	1
1	-	29952938	1
1	-	29966499	1
1	-	30027772	1
1	-	30041327	7
1	-	30058742	1
1	-	30058807	1
1	-	30063617	1
1	-	30109207	1
1	-	30156774	1
1	-	30156858	1
1	-	30156887	1
1	-	30169572	1
1	-	30169651	1
1	-	30205314	1
1	-	30277988	1
1	-	30298517	1
1	-	30372886	1
1	-	30403706	1
1	-	30405519	3
1	-	30412541	1
2	+	4061	2
2	+	4739	1
2	+	4866	1
2	+	5953	6
2	+	6029	1
2	+	6064	2
2	+	6182	1
2	+	6262	1
2	+	6328	1
2	+	6478	8
2	+	8825	1
2	+	77903	1
2	+	81066	1
2	+	106304	1
2	+	117608	1
2	+	126351	1
2	+	223347	1
2	+	223769	1
2	+	267450	1
2	+	272455	1
2	+	491995	1
2	+	491999	1
2	+	540602	1
2	+	803435	1
2	+	940288	1
2	+	1078230	1
2	+	1120407	1
2	+	1131834	1
2	+	1188480	1
2	+	1188549	1
2	+	1334508	1
2	+	1528467	3
2	+	1533734	1
2	+	1589993	1
2	+	1590081	1
2	+	1629132	1
2	+	1648504	1
2	+	1648558	2
2	+	1720527	1
2	+	1723725	1
2	+	1968038	1
2	+	2027033	4
2	+	2027060	1
2	+	2027100	60
2	+	2027137	1
2	+	2901086	1
2	+	2930451	2
2	+	2930554	1
2	+	3046705	1
2	+	3299504	1
2	+	3427270	1
2	+	3497544	1
2	+	3500449	1
2	+	3782021	3
2	+	3782117	1
2	+	4804346	4
2	+	5852716	2
2	+	6273085	2
2	+	6315686	1
2	+	6370944	1
2	+	6400890	2
2	+	6400962	2
2	+	6520123	1
2	+	6639369	1
2	+	6798835	2
2	+	6798865	1
2	+	6812847	3
2	+	6812877	2
2	+	7201556	2
2	+	7303306	1
2	+	7361041	1
2	+	7408258	1
2	+	7499159	1
2	+	7548293	8
2	+	7557908	2
2	+	7566383	1
2	+	7566458	1
2	+	7673712	1
2	+	7694690	1
2	+	7742120	1
2	+	7822177	1
2	+	7822275	1
2	+	7838266	16
2	+	7841643	1
2	+	7873865	1
2	+	8210351	1
2	+	8227450	2
2	+	8227563	1
2	+	8296454	1
2	+	8417839	1
2	+	8441287	2
2	+	8459479	1
2	+	8492918	1
2	+	8513099	1
2	+	8513133	3
2	+	8513210	2
2	+	8514449	1
2	+	8514520	2
2	+	8515969	1
2	+	8516035	1
2	+	8516092	1
2	+	8577916	1
2	+	8585492	1
2	+	8694955	1
2	+	8695002	1
2	+	8727607	1
2	+	8737763	9
2	+	8760584	2
2	+	8789411	1
2	+	8815181	2
2	+	8815222	1
2	+	8832860	3
2	+	8857746	1
2	+	8857762	1
2	+	8924877	1
2	+	8965341	2
2	+	8989186	1
2	+	8989235	1
2	+	8989318	2
2	+	8989345	1
2	+	9017937	3
2	+	9036663	1
2	+	9070428	2
2	+	9151832	2
2	+	9202523	1
2	+	9219099	1
2	+	9237692	6
2	+	9244804	1
2	+	9297802	1
2	+	9451616	1
2	+	9500632	1
2	+	9500708	1
2	+	9630645	1
2	+	9638651	1
2	+	9660729	2
2	+	9660760	1
2	+	9738256	1
2	+	9790079	2
2	+	9795861	1
2	+	9946154	3
2	+	9946221	4
2	+	10167120	1
2	+	10231525	1
2	+	10231555	2
2	+	10231596	1
2	+	10243530	3
2	+	10312352	1
2	+	10337069	2
2	+	10383266	2
2	+	10427575	1
2	+	10560084	1
2	+	10565197	1
2	+	10609903	3
2	+	10631267	1
2	+	10669948	1
2	+	10740495	4
2	+	10740543	4
2	+	10754677	1
2	+	10857047	1
2	+	10857106	37
2	+	10901048	1
2	+	11121912	1
2	+	11143367	1
2	+	11216624	1
2	+	11270788	1
2	+	11270844	5
2	+	11270920	1
2	+	11271010	1
2	+	11301377	1
2	+	11343587	1
2	+	11391593	2
2	+	11447085	2
2	+	11513550	1
2	+	11533225	2
2	+	11533277	1
2	+	11534359	1
2	+	11654040	1
2	+	11670639	1
2	+	11817812	22
2	+	11817868	1
2	+	11819492	3
2	+	11819543	5
2	+	11823846	1
2	+	11839660	3
2	+	11856249	3
2	+	11929331	11
2	+	12016419	2
2	+	12016510	7
2	+	12116829	1
2	+	12255806	1
2	+	12255878	1
2	+	12327725	1
2	+	12380710	1
2	+	12471664	2
2	+	12480339	1
2	+	12543790	1
2	+	12587842	1
2	+	12599317	1
2	+	12602441	2
2	+	12605273	1
2	+	12649907	1
2	+	12669937	1
2	+	12680543	1
2	+	12696978	1
2	+	12698194	1
2	+	12826650	1
2	+	12828911	1
2	+	12828926	1
2	+	12873806	1
2	+	12876241	1
2	+	12960687	1
2	+	13011062	1
2	+	13017042	1
2	+	13041634	1
2	+	13046467	2
2	+	13140163	1
2	+	13140236	16
2	+	13142566	2
2	+	13163412	1
2	+	13177190	1
2	+	13181801	1
2	+	13181906	1
2	+	13383471	2
2	+	13413196	1
2	+	13413230	2
2	+	13451843	6
2	+	13451887	1
2	+	13499974	1
2	+	13520320	1
2	+	13556978	2
2	+	13600336	1
2	+	13645759	1
2	+	13660759	1
2	+	13660779	1
2	+	13729922	1
2	+	13781210	1
2	+	13818382	1
2	+	13826908	2
2	+	13852079	1
2	+	13885662	2
2	+	14024375	1
2	+	14100591	1
2	+	14157731	1
2	+	14164976	1
2	+	14174492	2
2	+	14187917	1
2	+	14236882	1
2	+	14271675	1
2	+	14464804	2
2	+	14464852	2
2	+	14505686	1
2	+	14505728	1
2	+	14525735	14
2	+	14530851	1
2	+	14710123	1
2	+	14710198	1
2	+	14756209	1
2	+	14756316	1
2	+	14892153	2
2	+	14892186	1
2	+	14916028	1
2	+	14916205	1
2	+	14947215	1
2	+	14988355	1
2	+	15050249	2
2	+	15111465	1
2	+	15118507	1
2	+	15168448	1
2	+	15171267	1
2	+	15171294	15
2	+	15173167	7
2	+	15230132	1
2	+	15343009	2
2	+	15446404	1
2	+	15446465	2
2	+	15446559	1
2	+	15516859	1
2	+	15573700	1
2	+	15592103	1
2	+	15619074	1
2	+	15687965	1
2	+	15977135	1
2	+	15981597	13
2	+	16051006	2
2	+	16051115	2
2	+	16101055	1
2	+	16101134	1
2	+	16106202	1
2	+	16131108	14
2	+	16131150	1
2	+	16219112	1
2	+	16223667	1
2	+	16293962	1
2	+	16293997	1
2	+	16296289	1
2	+	16296319	1
2	+	16296330	1
2	+	16476053	3
2	+	16476085	2
2	+	16489529	1
2	+	16590929	1
2	+	16590980	2
2	+	16593722	1
2	+	16663043	1
2	+	16713014	1
2	+	16745025	1
2	+	16774552	1
2	+	16872735	1
2	+	16901267	1
2	+	16915156	1
2	+	16919745	3
2	+	16943460	1
2	+	16968998	1
2	+	16971236	1
2	+	17013294	1
2	+	17058087	2
2	+	17097483	1
2	+	17130446	1
2	+	17136809	10
2	+	17141342	1
2	+	17141429	1
2	+	17153630	1
2	+	17270538	1
2	+	17323016	1
2	+	17369088	1
2	+	17508907	1
2	+	17591796	3
2	+	17593461	1
2	+	17593500	1
2	+	17782183	1
2	+	17785018	1
2	+	17874850	1
2	+	17895809	10
2	+	17895860	2
2	+	17895869	4
2	+	17920332	1
2	+	17920376	2
2	+	17921447	1
2	+	17921505	1
2	+	17921621	1
2	+	17946925	1
2	+	17946970	1
2	+	17947013	2
2	+	17953502	1
2	+	18004081	1
2	+	18073792	1
2	+	18100197	1
2	+	18111733	1
2	+	18122771	2
2	+	18122856	2
2	+	18140949	2
2	+	18228154	1
2	+	18245069	1
2	+	18265345	3
2	+	18278372	1
2	+	18282807	1
2	+	18282880	1
2	+	18309814	2
2	+	18309838	1
2	+	18309899	1
2	+	18320723	1
2	+	18330323	1
2	+	18367682	1
2	+	18425912	1
2	+	18496257	1
2	+	18567780	1
2	+	18569792	1
2	+	18613182	1
2	+	18626868	2
2	+	18626997	16
2	+	18626998	2
2	+	18659078	2
2	+	18669438	1
2	+	18688014	1
2	+	18694706	1
2	+	18795894	1
2	+	18795908	1
2	+	18826868	1
2	+	18841257	1
2	+	18911935	6
2	+	18921196	1
2	+	18967108	1
2	+	19036525	1
2	+	19057122	1
2	+	19068464	1
2	+	19068846	1
2	+	19152594	2
2	+	19205075	1
2	+	19242550	1
2	+	19245037	1
2	+	19245112	9
2	+	19248882	2
2	+	19272106	1
2	+	19345302	12
2	+	19368723	2
2	+	19442095	4
2	+	19447288	1
2	+	19447419	15
2	+	19458869	1
2	+	19471874	1
2	+	19474098	3
2	+	19502218	2
2	+	19523983	2
2	+	19524057	1
2	+	19531511	3
2	+	19531563	13
2	+	19552318	1
2	+	19559381	4
2	+	19559452	1
2	+	19647106	1
2	+	19647182	1
2	+	19664017	1
2	+	19682470	1
2	-	83611	2
2	-	94834	2
2	-	132776	4
2	-	132844	4
2	-	148913	1
2	-	154527	1
2	-	180110	2
2	-	255409	1
2	-	284520	1
2	-	308730	1
2	-	452029	1
2	-	518110	1
2	-	617815	1
2	-	619337	1
2	-	882752	1
2	-	899863	1
2	-	916853	1
2	-	916883	2
2	-	996084	1
2	-	1034932	1
2	-	1034973	1
2	-	1039255	1
2	-	1122004	1
2	-	1147852	1
2	-	1357189	1
2	-	1366692	1
2	-	1480100	1
2	-	1533770	1
2	-	1698304	1
2	-	1799362	43
2	-	1799418	1
2	-	1823360	31
2	-	1841886	1
2	-	1858669	1
2	-	1894554	1
2	-	1894559	1
2	-	1894602	3
2	-	1933274	2
2	-	2081035	2
2	-	2081079	2
2	-	2209797	1
2	-	2269535	1
2	-	2327758	1
2	-	2352115	1
2	-	2587678	1
2	-	2587709	8
2	-	2587757	34
2	-	2587839	2
2	-	2842241	1
2	-	2980925	1
2	-	3444434	1
2	-	4310501	1
2	-	4310538	17
2	-	4310679	1
2	-	4805658	3
2	-	5539260	2
2	-	5539314	6
2	-	5852677	2
2	-	6041207	1
2	-	6241809	4
2	-	6393466	1
2	-	6393492	1
2	-	6406608	1
2	-	6406694	1
2	-	6480948	2
2	-	6615762	1
2	-	6642476	1
2	-	6666419	1
2	-	6920980	1
2	-	7159697	1
2	-	7159724	1
2	-	7211112	1
2	-	7342619	1
2	-	7342647	1
2	-	7494699	1
2	-	7545553	1
2	-	7642215	1
2	-	7680662	1
2	-	7684135	1
2	-	7725059	1
2	-	7764101	1
2	-	7952782	1
2	-	7994908	1
2	-	7995729	1
2	-	7996188	1
2	-	8090256	2
2	-	8112118	1
2	-	8188274	1
2	-	8360191	1
2	-	8485987	1
2	-	8516865	2
2	-	8557789	1
2	-	8737804	1
2	-	8743049	1
2	-	8760516	1
2	-	8772729	1
2	-	8772766	1
2	-	8878032	1
2	-	8878093	1
2	-	8897677	2
2	-	8911892	1
2	-	8932628	2
2	-	9070737	1
2	-	9070797	7
2	-	9085350	1
2	-	9110372	1
2	-	9114188	1
2	-	9114216	2
2	-	9128183	1
2	-	9128217	1
2	-	9128260	10
2	-	9128308	11
2	-	9357022	3
2	-	9388348	1
2	-	9426904	1
2	-	9689726	1
2	-	9697184	1
2	-	9829450	4
2	-	9829479	3
2	-	9960388	2
2	-	9960465	1
2	-	9976900	1
2	-	10063174	1
2	-	10063206	3
2	-	10135669	1
2	-	10135698	1
2	-	10217733	1
2	-	10217769	1
2	-	10225298	1
2	-	10265542	1
2	-	10268058	1
2	-	10286846	4
2	-	10327141	3
2	-	10327222	2
2	-	10364592	1
2	-	10498407	1
2	-	10586879	1
2	-	10663239	1
2	-	10697700	1
2	-	10847384	2
2	-	10901413	1
2	-	10903007	1
2	-	10928814	1
2	-	10929226	1
2	-	11131577	2
2	-	11131578	2
2	-	11170505	1
2	-	11170568	1
2	-	11404022	1
2	-	11447231	1
2	-	11452101	1
2	-	11515027	1
2	-	11528323	2
2	-	11528362	2
2	-	11528406	3
2	-	11536577	1
2	-	11678406	1
2	-	11678447	2
2	-	11699578	1
2	-	11716489	3
2	-	11763303	6
2	-	11764979	1
2	-	11776522	1
2	-	11803877	2
2	-	11819823	1
2	-	11864398	2
2	-	11864436	2
2	-	11910727	2
2	-	11912210	1
2	-	11913628	1
2	-	11950065	1
2	-	12168849	2
2	-	12356363	1
2	-	12356386	1
2	-	12356418	1
2	-	12415799	2
2	-	12489680	1
2	-	12549071	1
2	-	12673377	1
2	-	12700418	1
2	-	12769073	1
2	-	12882965	1
2	-	12903223	1
2	-	12903393	1
2	-	12903421	1
2	-	12928883	1
2	-	12993699	2
2	-	13002754	5
2	-	13002845	1
2	-	13019047	1
2	-	13019140	3
2	-	13019204	23
2	-	13019252	1
2	-	13142664	1
2	-	13142710	1
2	-	13187488	1
2	-	13208911	1
2	-	13209017	1
2	-	13213372	1
2	-	13220530	1
2	-	13258363	1
2	-	13282442	1
2	-	13291370	1
2	-	13322063	2
2	-	13392072	2
2	-	13438044	1
2	-	13497171	1
2	-	13556916	1
2	-	13639043	4
2	-	13639088	2
2	-	13642293	1
2	-	13672251	1
2	-	13746643	1
2	-	13805691	1
2	-	13863723	23
2	-	13876783	2
2	-	14018689	3
2	-	14018777	1
2	-	14018803	2
2	-	14043506	1
2	-	14047596	2
2	-	14153141	1
2	-	14197652	1
2	-	14236836	1
2	-	14268326	1
2	-	14300795	6
2	-	14324501	1
2	-	14360325	2
2	-	14433428	1
2	-	14522595	93
2	-	14532651	1
2	-	14532736	11
2	-	14532780	1
2	-	14568014	1
2	-	14576554	1
2	-	14581883	1
2	-	14581889	2
2	-	14581945	1
2	-	14649797	1
2	-	14649848	1
2	-	14775157	1
2	-	14795799	1
2	-	14805679	2
2	-	14844945	1
2	-	14894476	1
2	-	14912207	2
2	-	14996755	1
2	-	14996860	1
2	-	15037668	1
2	-	15123237	1
2	-	15135560	1
2	-	15142737	1
2	-	15242925	1
2	-	15296716	2
2	-	15320839	7
2	-	15320911	1
2	-	15350407	7
2	-	15449620	1
2	-	15472599	1
2	-	15479371	2
2	-	15537343	2
2	-	15537416	1
2	-	15581408	1
2	-	15613405	1
2	-	15619418	6
2	-	15634542	1
2	-	15634615	7
2	-	15636992	1
2	-	15640034	1
2	-	15647772	1
2	-	15670160	3
2	-	15670214	1
2	-	15774244	1
2	-	15774245	2
2	-	15774296	1
2	-	15781594	1
2	-	15781644	1
2	-	15795297	2
2	-	15795361	1
2	-	15801572	1
2	-	15869087	1
2	-	15921167	1
2	-	15989129	4
2	-	15989176	4
2	-	15989225	1
2	-	16031243	1
2	-	16031273	1
2	-	16033452	1
2	-	16069629	1
2	-	16194518	1
2	-	16233441	1
2	-	16286317	2
2	-	16309824	1
2	-	16366183	1
2	-	16537468	1
2	-	16561832	1
2	-	16570789	183
2	-	16570843	12
2	-	16570930	1
2	-	16571006	1
2	-	16578850	1
2	-	16672613	1
2	-	16698156	2
2	-	16792220	6
2	-	16828827	1
2	-	16831354	3
2	-	16907040	1
2	-	16907077	1
2	-	16945053	1
2	-	16946838	1
2	-	17159157	1
2	-	17220233	1
2	-	17262007	1
2	-	17266535	2
2	-	17266566	1
2	-	17295074	2
2	-	17295116	1
2	-	17323508	1
2	-	17376183	1
2	-	17400130	1
2	-	17459770	1
2	-	17459800	11
2	-	17514127	1
2	-	17646939	1
2	-	17697730	1
2	-	17731870	1
2	-	17734410	6
2	-	17776253	2
2	-	17776323	1
2	-	17826117	1
2	-	17826177	2
2	-	17991186	1
2	-	18010807	3
2	-	18046076	4
2	-	18097498	1
2	-	18129434	1
2	-	18136183	2
2	-	18197832	1
2	-	18205274	2
2	-	18205361	2
2	-	18217590	1
2	-	18249050	2
2	-	18305304	2
2	-	18320725	1
2	-	18320766	1
2	-	18411443	1
2	-	18419403	1
2	-	18419437	1
2	-	18426638	1
2	-	18500853	1
2	-	18587033	1
2	-	18617943	1
2	-	18682145	1
2	-	18742559	2
2	-	18742631	1
2	-	18799729	1
2	-	18862938	2
2	-	18862969	1
2	-	18935279	1
2	-	19003508	1
2	-	19018507	1
2	-	19018603	1
2	-	19018651	1
2	-	19042299	1
2	-	19042303	1
2	-	19043550	1
2	-	19086560	1
2	-	19442013	1
2	-	19552313	1
2	-	19590904	1
2	-	19618050	3
2	-	19618158	1
3	+	12387	1
3	+	54496	1
3	+	87805	2
3	+	182453	1
3	+	258506	2
3	+	263078	1
3	+	354283	1
3	+	368850	2
3	+	409096	1
3	+	417534	3
3	+	457775	1
3	+	484113	3
3	+	511489	3
3	+	543265	9
3	+	581608	1
3	+	647579	1
3	+	650607	1
3	+	686496	1
3	+	730469	2
3	+	734591	1
3	+	797025	1
3	+	811799	1
3	+	814007	1
3	+	941590	1
3	+	960978	4
3	+	960983	2
3	+	981696	1
3	+	1034770	1
3	+	1034979	1
3	+	1083360	9
3	+	1168380	1
3	+	1168425	20
3	+	1168500	2
3	+	1168551	1
3	+	1168590	2
3	+	1227406	1
3	+	1227437	1
3	+	1264592	1
3	+	1314296	6
3	+	1329326	1
3	+	1331573	18
3	+	1346352	3
3	+	1362209	1
3	+	1362266	2
3	+	1391665	1
3	+	1417712	1
3	+	1478654	1
3	+	1491320	1
3	+	1561535	1
3	+	1591932	1
3	+	1606163	1
3	+	1612472	1
3	+	1615340	7
3	+	1615423	6
3	+	1622925	10
3	+	1622958	3
3	+	1648781	1
3	+	1696708	12
3	+	1696711	3
3	+	1743163	2
3	+	1796441	1
3	+	1849226	1
3	+	2019678	1
3	+	2033805	1
3	+	2062044	2
3	+	2090486	1
3	+	2090528	1
3	+	2144451	1
3	+	2204834	1
3	+	2253413	1
3	+	2253469	6
3	+	2300264	2
3	+	2366452	1
3	+	2366478	2
3	+	2380142	2
3	+	2380199	1
3	+	2389717	4
3	+	2486984	1
3	+	2487023	1
3	+	2534474	1
3	+	2586303	1
3	+	2586355	18
3	+	2707986	1
3	+	2713261	1
3	+	2717305	1
3	+	2718782	12
3	+	2752224	1
3	+	2752267	1
3	+	2918028	8
3	+	2918088	1
3	+	2942005	1
3	+	2955574	3
3	+	2955650	1
3	+	2991603	1
3	+	3011417	1
3	+	3014715	1
3	+	3014763	2
3	+	3014901	1
3	+	3022983	1
3	+	3027206	1
3	+	3065404	1
3	+	3071339	1
3	+	3252467	1
3	+	3292755	1
3	+	3306401	1
3	+	3319989	1
3	+	3389770	1
3	+	3400718	3
3	+	3419757	1
3	+	3473622	1
3	+	3481373	2
3	+	3481421	2
3	+	3502272	1
3	+	3502302	3
3	+	3578082	1
3	+	3637924	1
3	+	3645807	2
3	+	3645843	1
3	+	3674067	4
3	+	3674076	3
3	+	3701435	1
3	+	3721252	1
3	+	3736339	1
3	+	3760221	1
3	+	3834304	1
3	+	3841415	1
3	+	3848630	1
3	+	3859792	1
3	+	3884795	1
3	+	3921410	3
3	+	3925411	1
3	+	3943765	2
3	+	4039135	1
3	+	4051707	1
3	+	4056984	1
3	+	4129896	2
3	+	4255935	1
3	+	4303293	2
3	+	4310202	1
3	+	4318221	1
3	+	4406103	1
3	+	4409427	2
3	+	4435260	1
3	+	4516205	3
3	+	4516296	1
3	+	4600333	1
3	+	4644513	1
3	+	4676094	1
3	+	4676162	1
3	+	4676172	1
3	+	4685643	1
3	+	4761295	1
3	+	4820924	4
3	+	4821002	5
3	+	4824025	1
3	+	4824084	4
3	+	4824151	8
3	+	4889873	1
3	+	4912025	1
3	+	4912072	4
3	+	4912108	1
3	+	4912205	1
3	+	4924239	1
3	+	4951684	1
3	+	4957272	2
3	+	4967077	1
3	+	5020284	1
3	+	5052318	1
3	+	5058157	1
3	+	5058236	1
3	+	5084187	1
3	+	5117543	2
3	+	5117574	2
3	+	5189551	1
3	+	5189640	1
3	+	5201722	1
3	+	5214116	1
3	+	5301647	1
3	+	5333726	2
3	+	5338457	1
3	+	5341324	1
3	+	5344645	1
3	+	5455855	7
3	+	5460698	1
3	+	5499274	2
3	+	5506937	19
3	+	5506975	1
3	+	5534646	1
3	+	5558487	2
3	+	5568526	1
3	+	5580874	1
3	+	5580915	1
3	+	5645246	1
3	+	5694027	1
3	+	5706950	1
3	+	5816605	1
3	+	5832389	1
3	+	5862444	1
3	+	5882983	1
3	+	5883105	2
3	+	5908968	1
3	+	5959065	1
3	+	6078638	1
3	+	6091058	1
3	+	6091212	2
3	+	6108676	1
3	+	6182829	1
3	+	6187076	1
3	+	6194315	1
3	+	6223019	1
3	+	6234057	1
3	+	6234061	2
3	+	6324573	1
3	+	6453964	1
3	+	6453994	2
3	+	6477039	5
3	+	6477167	1
3	+	6479486	1
3	+	6486221	1
3	+	6508525	1
3	+	6514902	1
3	+	6514998	1
3	+	6515085	1
3	+	6567545	1
3	+	6715887	1
3	+	6747148	1
3	+	6956959	1
3	+	6970560	1
3	+	6970570	1
3	+	6976662	1
3	+	7018359	1
3	+	7058884	1
3	+	7162188	1
3	+	7186547	1
3	+	7271212	1
3	+	7328565	1
3	+	7328582	1
3	+	7447251	1
3	+	7642117	2
3	+	7683805	1
3	+	7736395	1
3	+	7895348	1
3	+	7919415	1
3	+	8052222	1
3	+	8114888	1
3	+	8114957	4
3	+	8141969	1
3	+	8174043	2
3	+	8196917	1
3	+	8324339	1
3	+	8328176	1
3	+	8376363	7
3	+	8412031	2
3	+	8475827	4
3	+	8551266	1
3	+	8561319	1
3	+	8631270	1
3	+	8644404	1
3	+	8652557	1
3	+	8672475	1
3	+	8704229	1
3	+	8729303	1
3	+	8747854	1
3	+	8972129	1
3	+	9066023	9
3	+	9146250	1
3	+	9191321	1
3	+	9223790	1
3	+	9308009	1
3	+	9491081	1
3	+	9496091	1
3	+	9526229	2
3	+	9526404	1
3	+	9544377	1
3	+	9758507	4
3	+	9758555	2
3	+	9760515	1
3	+	9766282	1
3	+	9796982	18
3	+	9814686	2
3	+	9827432	2
3	+	9828670	1
3	+	9870598	1
3	+	9896327	1
3	+	10018977	8
3	+	10019049	1
3	+	10019132	1
3	+	10072547	1
3	+	10150307	1
3	+	10155259	1
3	+	10256936	1
3	+	10256989	12
3	+	10257119	1
3	+	10285599	1
3	+	10319285	16
3	+	10325610	20
3	+	10509234	1
3	+	10519164	1
3	+	10539860	1
3	+	10539991	2
3	+	10695364	1
3	+	10696124	3
3	+	10696171	1
3	+	10747111	1
3	+	10780540	1
3	+	11154665	1
3	+	11192888	1
3	+	11192961	4
3	+	11251820	1
3	+	14070000	1
3	+	14093650	1
3	+	14093688	1
3	+	14197866	1
3	+	14197998	1
3	+	14198169	1
3	+	14198817	1
3	+	14199237	1
3	+	14199676	2
3	+	14199924	8
3	+	14200179	2
3	+	14200222	2
3	+	14200331	1
3	+	14200449	9
3	+	14200484	1
3	+	14200630	1
3	+	14201430	1
3	+	14201566	4
3	+	14201818	1
3	+	14202467	1
3	+	14203491	2
3	+	15018017	1
3	+	15512525	1
3	+	15645628	1
3	+	15716961	1
3	+	15888825	1
3	+	15888849	1
3	+	15988974	1
3	+	15989026	5
3	+	15989081	4
3	+	16010961	1
3	+	16010967	1
3	+	16060518	1
3	+	16195596	1
3	+	16273189	1
3	+	16273223	1
3	+	16386281	2
3	+	16388413	7
3	+	16477443	1
3	+	16477496	1
3	+	16529316	3
3	+	16883806	4
3	+	17088730	1
3	+	17088791	2
3	+	17139506	1
3	+	17231145	2
3	+	17231185	1
3	+	17264436	1
3	+	17481759	1
3	+	17497015	1
3	+	17514982	2
3	+	17570422	1
3	+	17570450	1
3	+	17570524	3
3	+	17752259	1
3	+	17779486	1
3	+	17892894	1
3	+	17951162	1
3	+	17959410	1
3	+	17965449	2
3	+	18074526	1
3	+	18074554	1
3	+	18078294	1
3	+	18122031	1
3	+	18131518	1
3	+	18198413	2
3	+	18198477	1
3	+	18203119	1
3	+	18210129	2
3	+	18258101	1
3	+	18342367	1
3	+	18372080	1
3	+	18380278	1
3	+	18421216	1
3	+	18425646	2
3	+	18504879	2
3	+	18504920	12
3	+	18580710	1
3	+	18756713	2
3	+	18779400	1
3	+	18917321	1
3	+	18938783	2
3	+	18941555	1
3	+	19085845	1
3	+	19110023	1
3	+	19152030	1
3	+	19188641	1
3	+	19188668	1
3	+	19235840	1
3	+	19242792	4
3	+	19246811	1
3	+	19246836	1
3	+	19343214	6
3	+	19344921	1
3	+	19366413	1
3	+	19398306	1
3	+	19409319	1
3	+	19419695	1
3	+	19423043	1
3	+	19451599	1
3	+	19504974	1
3	+	19506816	10
3	+	19570596	1
3	+	19591859	1
3	+	19591937	1
3	+	19626111	1
3	+	19636797	1
3	+	19640542	1
3	+	19640579	2
3	+	19640617	1
3	+	19685698	1
3	+	19690608	1
3	+	19867055	1
3	+	19867081	1
3	+	19883531	1
3	+	19917594	1
3	+	19952884	1
3	+	19952921	1
3	+	20018632	2
3	+	20018668	1
3	+	20029913	1
3	+	20029948	1
3	+	20041150	1
3	+	20213014	2
3	+	20298589	1
3	+	20298675	1
3	+	20348513	3
3	+	20388647	1
3	+	20480428	1
3	+	20501662	2
3	+	20501690	1
3	+	20501710	1
3	+	20533149	1
3	+	20556264	3
3	+	20582430	1
3	+	20595288	1
3	+	20636465	1
3	+	20699977	1
3	+	20700027	8
3	+	20705300	2
3	+	20711493	1
3	+	20711530	3
3	+	20711558	2
3	+	20882473	1
3	+	20885839	1
3	+	20897540	1
3	+	20943293	1
3	+	20963732	1
3	+	20968098	1
3	+	20980649	1
3	+	20985972	1
3	+	20993578	1
3	+	21018168	1
3	+	21078391	21
3	+	21078435	1
3	+	21094293	1
3	+	21210782	2
3	+	21309443	1
3	+	21353147	1
3	+	21417948	1
3	+	21417950	1
3	+	21487009	1
3	+	21643796	1
3	+	21674765	1
3	+	21674798	10
3	+	21703040	1
3	+	21712941	5
3	+	21832604	1
3	+	21858203	1
3	+	21959413	1
3	+	21988327	1
3	+	22090444	1
3	+	22154482	4
3	+	22154523	1
3	+	22269869	22
3	+	22333599	1
3	+	22335799	1
3	+	22342287	2
3	+	22431959	1
3	+	22456950	1
3	+	22456999	1
3	+	22457079	20
3	+	22503371	1
3	+	22609010	1
3	+	22612764	14
3	+	22625712	1
3	+	22629862	1
3	+	22669628	1
3	+	22735306	2
3	+	22735336	1
3	+	22737831	1
3	+	22737976	4
3	+	22747164	14
3	+	22747208	5
3	+	22760165	1
3	+	22779359	1
3	+	22787728	1
3	+	22822019	1
3	+	22866409	1
3	+	22866474	1
3	+	22904021	7
3	+	22971269	1
3	+	22975191	1
3	+	22975251	9
3	+	23037725	2
3	+	23037767	10
3	+	23037804	2
3	+	23053738	7
3	+	23090677	1
3	+	23091524	1
3	+	23091565	4
3	+	23091567	1
3	+	23138992	1
3	+	23139022	1
3	+	23261297	1
3	+	23272857	1
3	+	23285509	1
3	+	23296541	2
3	+	23309939	1
3	+	23311382	1
3	+	23336088	1
3	+	23347562	1
3	-	16652	1
3	-	16720	2
3	-	39054	3
3	-	44424	1
3	-	44519	3
3	-	69723	1
3	-	104893	1
3	-	149993	1
3	-	150131	1
3	-	166654	1
3	-	194732	1
3	-	194790	4
3	-	194918	1
3	-	194967	11
3	-	195038	5
3	-	195090	1
3	-	212762	1
3	-	216825	3
3	-	314724	1
3	-	340575	2
3	-	363910	2
3	-	363945	2
3	-	363999	1
3	-	405865	1
3	-	430997	1
3	-	487298	2
3	-	502717	1
3	-	502746	1
3	-	526683	1
3	-	528632	1
3	-	543348	1
3	-	564929	2
3	-	570133	1
3	-	588284	1
3	-	588413	2
3	-	602436	1
3	-	606439	1
3	-	678689	1
3	-	696446	1
3	-	705403	1
3	-	783402	1
3	-	865184	1
3	-	867671	1
3	-	1009023	2
3	-	1009052	1
3	-	1014036	1
3	-	1105963	1
3	-	1133520	1
3	-	1153732	1
3	-	1217264	1
3	-	1311284	1
3	-	1387205	1
3	-	1401293	1
3	-	1413012	3
3	-	1503836	1
3	-	1731040	1
3	-	1755547	1
3	-	1824383	1
3	-	1834695	1
3	-	1913105	1
3	-	1985327	1
3	-	2105580	1
3	-	2114169	1
3	-	2114253	4
3	-	2117357	5
3	-	2117413	1
3	-	2129623	1
3	-	2144417	1
3	-	2229801	1
3	-	2245342	1
3	-	2327840	2
3	-	2327897	1
3	-	2384422	2
3	-	2386910	1
3	-	2411369	1
3	-	2418104	1
3	-	2420968	1
3	-	2444828	1
3	-	2523118	1
3	-	2523155	1
3	-	2523208	1
3	-	2523243	1
3	-	2586924	1
3	-	2605503	4
3	-	2615445	3
3	-	2666130	2
3	-	2679497	1
3	-	2686591	1
3	-	2823216	26
3	-	2825318	1
3	-	2825357	1
3	-	2840485	2
3	-	2840553	1
3	-	2889404	1
3	-	2903218	1
3	-	2903256	5
3	-	2910409	1
3	-	2942456	1
3	-	2986690	1
3	-	3092109	1
3	-	3117813	1
3	-	3167980	1
3	-	3173467	1
3	-	3219576	1
3	-	3233714	1
3	-	3233809	1
3	-	3325168	1
3	-	3331427	1
3	-	3335017	1
3	-	3354549	1
3	-	3381704	1
3	-	3397564	3
3	-	3397624	1
3	-	3433126	1
3	-	3623462	1
3	-	3623490	1
3	-	3623520	5
3	-	3623576	2
3	-	3628590	1
3	-	3676160	1
3	-	3721414	1
3	-	3766366	2
3	-	3777930	1
3	-	3777979	1
3	-	3778017	5
3	-	3778050	3
3	-	3793818	1
3	-	3860343	1
3	-	3874632	1
3	-	3876388	1
3	-	3896412	1
3	-	3909086	1
3	-	3930176	2
3	-	3930196	2
3	-	3991352	3
3	-	4040376	1
3	-	4061001	1
3	-	4061040	7
3	-	4061069	1
3	-	4061501	1
3	-	4063364	1
3	-	4136942	1
3	-	4136974	1
3	-	4137024	1
3	-	4172292	1
3	-	4195781	1
3	-	4214615	1
3	-	4219782	1
3	-	4219826	1
3	-	4219852	1
3	-	4219884	3
3	-	4319669	1
3	-	4361883	1
3	-	4384870	1
3	-	4384906	2
3	-	4385027	1
3	-	4395785	1
3	-	4429398	1
3	-	4532911	2
3	-	4565417	2
3	-	4590958	1
3	-	4592307	2
3	-	4592390	4
3	-	4658194	1
3	-	4676082	1
3	-	4676133	1
3	-	4715651	1
3	-	4782745	1
3	-	4782800	1
3	-	4811581	1
3	-	4824197	1
3	-	5065368	1
3	-	5065401	1
3	-	5084284	2
3	-	5088367	1
3	-	5180632	2
3	-	5180667	14
3	-	5196567	1
3	-	5226311	1
3	-	5249597	1
3	-	5275522	1
3	-	5347872	1
3	-	5347901	1
3	-	5393512	1
3	-	5460906	1
3	-	5468438	1
3	-	5468510	3
3	-	5468539	6
3	-	5468593	1
3	-	5489688	1
3	-	5595946	1
3	-	5612666	1
3	-	5624376	1
3	-	5637721	1
3	-	5669484	25
3	-	5737888	1
3	-	5742409	2
3	-	5773115	1
3	-	5802531	1
3	-	5802562	1
3	-	5809263	1
3	-	5890015	1
3	-	5917023	1
3	-	5952381	1
3	-	5989184	1
3	-	6091122	1
3	-	6109708	1
3	-	6169120	1
3	-	6169244	1
3	-	6210910	1
3	-	6348763	1
3	-	6348941	1
3	-	6348985	1
3	-	6413334	1
3	-	6563982	2
3	-	6625419	1
3	-	6625421	1
3	-	6790741	1
3	-	6818507	1
3	-	6847023	3
3	-	6877836	1
3	-	6879616	1
3	-	6879659	7
3	-	6998291	1
3	-	7055717	1
3	-	7058977	1
3	-	7064101	1
3	-	7087471	1
3	-	7090124	1
3	-	7109992	1
3	-	7110033	1
3	-	7123206	1
3	-	7140439	1
3	-	7202768	1
3	-	7248882	1
3	-	7260626	1
3	-	7376638	24
3	-	7376790	1
3	-	7442571	1
3	-	7493422	1
3	-	7626766	1
3	-	7626815	1
3	-	7676811	1
3	-	7792650	2
3	-	7795046	9
3	-	7839011	1
3	-	7843965	1
3	-	7844021	6
3	-	7924453	1
3	-	7965954	1
3	-	8032961	1
3	-	8136177	1
3	-	8180711	1
3	-	8376511	3
3	-	8423072	2
3	-	8531481	1
3	-	8587684	2
3	-	8587736	2
3	-	8587773	2
3	-	8606551	1
3	-	8631574	1
3	-	8662434	1
3	-	8679839	1
3	-	8697744	1
3	-	8729560	4
3	-	8820454	1
3	-	8822981	1
3	-	8862898	2
3	-	8900796	1
3	-	8900842	1
3	-	8919562	1
3	-	8927884	1
3	-	8966516	1
3	-	8966558	1
3	-	9156958	1
3	-	9235180	1
3	-	9235247	1
3	-	9251181	1
3	-	9269347	1
3	-	9269413	8
3	-	9271817	2
3	-	9375172	1
3	-	9456381	1
3	-	9470407	1
3	-	9491083	9
3	-	9491147	1
3	-	9491186	1
3	-	9632612	1
3	-	9669415	1
3	-	9681446	1
3	-	9708107	1
3	-	9711781	1
3	-	9722532	17
3	-	9722648	1
3	-	9753218	1
3	-	9791356	1
3	-	9930284	1
3	-	9932695	1
3	-	9946089	1
3	-	9961371	1
3	-	9979873	4
3	-	9985081	1
3	-	10083135	1
3	-	10129271	2
3	-	10158188	1
3	-	10210432	1
3	-	10214054	2
3	-	10257310	1
3	-	10281279	1
3	-	10380251	1
3	-	10380434	1
3	-	10676039	1
3	-	10902642	1
3	-	10902753	9
3	-	10959741	1
3	-	10968111	2
3	-	11011308	1
3	-	11051769	1
3	-	11164345	1
3	-	11164416	1
3	-	11267140	2
3	-	11921200	1
3	-	11976889	2
3	-	12685745	1
3	-	14228495	2
3	-	14460121	1
3	-	15615389	2
3	-	15615467	1
3	-	15664341	1
3	-	15664463	1
3	-	15712452	1
3	-	15712495	1
3	-	15778301	1
3	-	15800007	5
3	-	15901806	1
3	-	15921752	1
3	-	16011620	1
3	-	16011634	1
3	-	16073998	1
3	-	16165099	1
3	-	16411252	7
3	-	16471420	1
3	-	16471502	1
3	-	16628415	1
3	-	16657057	1
3	-	16805566	1
3	-	16897353	1
3	-	16913435	3
3	-	16913478	1
3	-	16913514	1
3	-	17019915	1
3	-	17123788	1
3	-	17181006	1
3	-	17215954	1
3	-	17246425	1
3	-	17337108	6
3	-	17338097	1
3	-	17341306	1
3	-	17428531	1
3	-	17453496	1
3	-	17453521	5
3	-	17472381	1
3	-	17483088	1
3	-	17493429	52
3	-	17493494	1
3	-	17496418	1
3	-	17654122	1
3	-	17726763	2
3	-	17758788	1
3	-	17758818	1
3	-	17786145	1
3	-	17828570	1
3	-	18001316	3
3	-	18001415	1
3	-	18003924	1
3	-	18021402	1
3	-	18021433	1
3	-	18122195	1
3	-	18140923	13
3	-	18166813	11
3	-	18166852	4
3	-	18194271	1
3	-	18211915	1
3	-	18211952	1
3	-	18387372	2
3	-	18388214	1
3	-	18471658	1
3	-	18500552	1
3	-	18532315	1
3	-	18676089	1
3	-	18834220	1
3	-	18875402	1
3	-	18946699	1
3	-	18946744	1
3	-	19007071	1
3	-	19056894	1
3	-	19130915	1
3	-	19138393	1
3	-	19138394	1
3	-	19138434	3
3	-	19139587	1
3	-	19211076	1
3	-	19216046	2
3	-	19216119	3
3	-	19225395	2
3	-	19268067	1
3	-	19268098	4
3	-	19277868	3
3	-	19278230	1
3	-	19304222	1
3	-	19304253	1
3	-	19317856	1
3	-	19369362	1
3	-	19388981	1
3	-	19425721	1
3	-	19494454	1
3	-	19593180	1
3	-	19601254	1
3	-	19601297	1
3	-	19627132	3
3	-	19627212	2
3	-	19627273	1
3	-	19660516	1
3	-	19660563	6
3	-	19744074	2
3	-	19744110	1
3	-	19774417	1
3	-	19803699	12
3	-	19803726	1
3	-	19809693	3
3	-	19809778	1
3	-	19819277	7
3	-	19819336	1
3	-	19834363	1
3	-	19859676	1
3	-	19913688	1
3	-	19913792	6
3	-	19933030	1
3	-	19955419	4
3	-	20026645	1
3	-	20061563	1
3	-	20067539	3
3	-	20067574	9
3	-	20114481	1
3	-	20137761	1
3	-	20140204	1
3	-	20168151	1
3	-	20175413	1
3	-	20175442	1
3	-	20217967	1
3	-	20229787	1
3	-	20229851	1
3	-	20269131	1
3	-	20311805	1
3	-	20339625	71
3	-	20341682	2
3	-	20388964	1
3	-	20389012	1
3	-	20398553	1
3	-	20513893	3
3	-	20513936	1
3	-	20520934	1
3	-	20521039	1
3	-	20760456	1
3	-	20790692	5
3	-	20798002	3
3	-	20806714	1
3	-	20806759	1
3	-	20814170	1
3	-	20821957	1
3	-	20833576	1
3	-	20833590	1
3	-	20852487	1
3	-	20863284	4
3	-	20878547	1
3	-	20892138	5
3	-	20892219	1
3	-	20908985	1
3	-	20932888	1
3	-	20936153	1
3	-	21034691	1
3	-	21034738	6
3	-	21069457	6
3	-	21078408	2
3	-	21111814	1
3	-	21154072	3
3	-	21165373	1
3	-	21188488	2
3	-	21188576	7
3	-	21196658	2
3	-	21211455	1
3	-	21277933	1
3	-	21334373	1
3	-	21430999	1
3	-	21470026	2
3	-	21529817	1
3	-	21660597	1
3	-	21703389	1
3	-	21718361	1
3	-	21724428	1
3	-	21742097	1
3	-	21745469	1
3	-	21755055	1
3	-	21757259	2
3	-	21797126	1
3	-	21797207	1
3	-	21797472	1
3	-	21810595	1
3	-	21821347	1
3	-	21863322	1
3	-	21931831	1
3	-	21935335	1
3	-	21948767	3
3	-	21995677	4
3	-	21995706	3
3	-	21995740	7
3	-	22154447	1
3	-	22155721	1
3	-	22165631	1
3	-	22251241	2
3	-	22291887	1
3	-	22312313	1
3	-	22314771	1
3	-	22347453	1
3	-	22460294	2
3	-	22460326	3
3	-	22460362	9
3	-	22477442	1
3	-	22650672	1
3	-	22675251	1
3	-	22675279	1
3	-	22722694	1
3	-	22871745	1
3	-	22879959	1
3	-	22914167	1
3	-	22914259	1
3	-	22914347	1
3	-	22997064	1
3	-	23001070	1
3	-	23001108	2
3	-	23022834	1
3	-	23033416	1
3	-	23038352	1
3	-	23072769	1
3	-	23072802	1
3	-	23150833	2
3	-	23163818	1
3	-	23218700	1
3	-	23218743	1
3	-	23223083	1
3	-	23242712	3
3	-	23242754	2
3	-	23257578	1
3	-	23273110	1
3	-	23273120	1
3	-	23273162	1
3	-	23326905	3
3	-	23342637	2
3	-	23342687	1
3	-	23372917	1
3	-	23415612	1
3	-	23415655	4
3	-	23430796	1
3	-	23459291	2
4	+	20044	1
4	+	38262	1
4	+	38310	5
4	+	130350	2
4	+	162886	1
4	+	162951	1
4	+	211034	2
4	+	351439	1
4	+	355171	1
4	+	355232	1
4	+	382439	1
4	+	382533	1
4	+	448400	1
4	+	455550	1
4	+	458346	3
4	+	458471	2
4	+	479930	1
4	+	494749	6
4	+	494790	15
4	+	549162	1
4	+	569064	1
4	+	697125	1
4	+	732362	1
4	+	732408	1
4	+	770835	1
4	+	874723	1
4	+	922777	1
4	+	944205	1
4	+	1109462	2
4	+	1109533	1
4	+	1109589	1
4	+	1133660	2
4	+	1207397	1
4	+	1209180	1
4	+	1266392	1
4	+	1294791	1
4	+	1294844	2
4	+	1376250	1
4	+	1412677	1
4	+	1431635	1
4	+	1441846	8
4	+	1579744	1
4	+	1933679	1
4	+	1942950	1
4	+	2031814	1
4	+	2031918	1
4	+	2037799	1
4	+	2126781	2
4	+	2326966	1
4	+	2345975	1
4	+	2422778	1
4	+	2457578	1
4	+	2666674	2
4	+	2720096	7
4	+	2908555	1
4	+	5292163	2
4	+	5317419	3
4	+	5413419	1
4	+	5730881	1
4	+	5760542	1
4	+	5777299	1
4	+	5777342	2
4	+	5777387	2
4	+	5777460	2
4	+	5842390	1
4	+	5924529	1
4	+	5994143	1
4	+	6040209	1
4	+	6052324	2
4	+	6052358	1
4	+	6101582	5
4	+	6101650	1
4	+	6101695	2
4	+	6175105	1
4	+	6175138	3
4	+	6190746	1
4	+	6247764	1
4	+	6278486	2
4	+	6295383	1
4	+	6309486	1
4	+	6309517	1
4	+	6386080	2
4	+	6407283	1
4	+	6409585	77
4	+	6559269	1
4	+	6619948	1
4	+	6659257	1
4	+	6693811	1
4	+	6801923	1
4	+	6818913	7
4	+	6976029	1
4	+	7149859	2
4	+	7215978	3
4	+	7443696	1
4	+	7522530	1
4	+	7522611	30
4	+	7522677	1
4	+	7602679	2
4	+	7602730	2
4	+	7607156	1
4	+	7642600	1
4	+	7777830	2
4	+	7843771	1
4	+	7846645	1
4	+	7846712	1
4	+	7846748	1
4	+	7859889	1
4	+	7864819	2
4	+	7925158	4
4	+	7966461	1
4	+	8022194	3
4	+	8056877	3
4	+	8056974	11
4	+	8173290	1
4	+	8298379	1
4	+	8298552	1
4	+	8380688	1
4	+	8384989	1
4	+	8419220	1
4	+	8481193	1
4	+	8502188	1
4	+	8521433	2
4	+	8530418	2
4	+	8572445	9
4	+	8572490	2
4	+	8862599	1
4	+	8864608	1
4	+	8877724	1
4	+	8877788	1
4	+	8887473	1
4	+	8887534	7
4	+	8917851	1
4	+	8918818	1
4	+	9027662	3
4	+	9040337	1
4	+	9040386	1
4	+	9256177	3
4	+	9260248	1
4	+	9260356	1
4	+	9269149	1
4	+	9280717	1
4	+	9376322	1
4	+	9472515	1
4	+	9472556	1
4	+	9557670	2
4	+	9557747	12
4	+	9557812	9
4	+	9565406	1
4	+	9592567	1
4	+	9773452	1
4	+	9773477	4
4	+	9804809	1
4	+	9804837	1
4	+	9827235	2
4	+	9929564	1
4	+	10077729	1
4	+	10080329	1
4	+	10201804	1
4	+	10234661	1
4	+	10237182	1
4	+	10238848	1
4	+	10299165	1
4	+	10299295	1
4	+	10299346	1
4	+	10303291	1
4	+	10303327	1
4	+	10303355	3
4	+	10303383	1
4	+	10334217	1
4	+	10355410	1
4	+	10483802	1
4	+	10500641	3
4	+	10500717	1
4	+	10500733	3
4	+	10523884	1
4	+	10657216	1
4	+	10676678	1
4	+	10729715	1
4	+	10775845	1
4	+	10898984	1
4	+	10943423	1
4	+	10943465	1
4	+	10991570	4
4	+	10991624	21
4	+	11013162	1
4	+	11157700	1
4	+	11157747	1
4	+	11219287	1
4	+	11245032	1
4	+	11266926	5
4	+	11286774	1
4	+	11292291	1
4	+	11308895	1
4	+	11335717	38
4	+	11335808	1
4	+	11425596	1
4	+	11433322	1
4	+	11455979	1
4	+	11511493	1
4	+	11666630	1
4	+	11792835	3
4	+	11920893	1
4	+	11996333	1
4	+	12009390	1
4	+	12009425	3
4	+	12128349	1
4	+	12222337	1
4	+	12251283	1
4	+	12251308	1
4	+	12302498	1
4	+	12302679	1
4	+	12319727	1
4	+	12319829	1
4	+	12365042	1
4	+	12424248	1
4	+	12426474	1
4	+	12566585	1
4	+	12593588	1
4	+	12593630	1
4	+	12593631	4
4	+	12611446	1
4	+	12645443	1
4	+	12662529	1
4	+	12687639	1
4	+	12744387	2
4	+	12785031	1
4	+	12785094	1
4	+	12786236	1
4	+	12871120	1
4	+	12871219	28
4	+	12871273	1
4	+	12878308	1
4	+	12878588	1
4	+	12919652	1
4	+	12919707	2
4	+	12919748	1
4	+	12946744	1
4	+	12972623	1
4	+	12974719	1
4	+	12974762	2
4	+	12974815	1
4	+	13027414	1
4	+	13076394	1
4	+	13121937	1
4	+	13140946	1
4	+	13163599	1
4	+	13227399	1
4	+	13235728	1
4	+	13283312	1
4	+	13286640	11
4	+	13286733	1
4	+	13348973	1
4	+	13388227	1
4	+	13390375	1
4	+	13393104	1
4	+	13393108	1
4	+	13448125	1
4	+	13451982	1
4	+	13469938	1
4	+	13498685	2
4	+	13507800	2
4	+	13519824	1
4	+	13548576	1
4	+	13598907	1
4	+	13642393	1
4	+	13656085	1
4	+	13676917	1
4	+	13727294	3
4	+	13741801	2
4	+	13830593	1
4	+	13833729	2
4	+	13882880	1
4	+	14061218	1
4	+	14061320	1
4	+	14151003	3
4	+	14151060	1
4	+	14151119	2
4	+	14200840	1
4	+	14202650	1
4	+	14305652	2
4	+	14305721	4
4	+	14305722	2
4	+	14307820	1
4	+	14321487	6
4	+	14321554	1
4	+	14349700	1
4	+	14451287	2
4	+	14451370	3
4	+	14473644	1
4	+	14577642	1
4	+	14599243	2
4	+	14674098	3
4	+	14681969	1
4	+	14800914	1
4	+	14896816	1
4	+	14899058	1
4	+	14926941	1
4	+	15002662	1
4	+	15042402	1
4	+	15068855	1
4	+	15068980	1
4	+	15069007	1
4	+	15098010	1
4	+	15191089	4
4	+	15209537	1
4	+	15215843	1
4	+	15223541	1
4	+	15296220	2
4	+	15308319	2
4	+	15377093	1
4	+	15470526	4
4	+	15470573	2
4	+	15489365	2
4	+	15503474	1
4	+	15503543	1
4	+	15514498	1
4	+	15605339	1
4	+	15612243	1
4	+	15620803	1
4	+	15620912	1
4	+	15640428	1
4	+	15713510	1
4	+	15722870	1
4	+	15789501	1
4	+	15789836	3
4	+	15804114	1
4	+	15848576	1
4	+	15854820	1
4	+	15886986	1
4	+	15900289	2
4	+	16026295	1
4	+	16074837	1
4	+	16118713	1
4	+	16141508	1
4	+	16141557	1
4	+	16169536	2
4	+	16267755	1
4	+	16312154	1
4	+	16335039	1
4	+	16340049	3
4	+	16392732	1
4	+	16412386	5
4	+	16476973	2
4	+	16502137	1
4	+	16541891	1
4	+	16545150	1
4	+	16550358	2
4	+	16558726	1
4	+	16558760	1
4	+	16578365	1
4	+	16595091	1
4	+	16615117	1
4	+	16615149	21
4	+	16615205	1
4	+	16636847	1
4	+	16636976	1
4	+	16659464	1
4	+	16710067	1
4	+	16710093	4
4	+	16710165	4
4	+	16710216	1
4	+	16804943	1
4	+	16804975	3
4	+	16812006	1
4	+	16841930	2
4	+	16841962	1
4	+	16844001	1
4	+	16856580	1
4	+	16859576	1
4	+	16905620	1
4	+	17129932	1
4	+	17134509	1
4	+	17137328	1
4	+	17146425	1
4	+	17153552	2
4	+	17221538	1
4	+	17245062	1
4	+	17245226	1
4	+	17326446	1
4	+	17344770	1
4	+	17344841	1
4	+	17344880	1
4	+	17443852	1
4	+	17472718	1
4	+	17489238	1
4	+	17746595	1
4	+	17854474	1
4	+	17906739	1
4	+	17928944	1
4	+	17936982	2
4	+	18007322	1
4	+	18028811	1
4	+	18113179	1
4	+	18131042	1
4	+	18215023	1
4	+	18258599	15
4	+	18292966	4
4	+	18302084	1
4	+	18305008	1
4	+	18305540	1
4	+	18421922	1
4	+	18521499	1
4	+	18521547	2
4	+	18542091	1
4	-	11364	1
4	-	162899	1
4	-	181322	1
4	-	185908	1
4	-	185947	2
4	-	225026	1
4	-	240659	1
4	-	293781	1
4	-	317524	1
4	-	345976	1
4	-	346021	1
4	-	346061	1
4	-	405736	1
4	-	461704	1
4	-	462004	1
4	-	466490	1
4	-	507698	1
4	-	544003	1
4	-	544036	3
4	-	573026	1
4	-	770780	1
4	-	776501	1
4	-	796115	1
4	-	796178	2
4	-	801354	1
4	-	810700	1
4	-	979256	1
4	-	1046212	1
4	-	1073752	1
4	-	1073757	6
4	-	1081939	1
4	-	1110428	1
4	-	1110477	1
4	-	1112136	1
4	-	1112197	1
4	-	1229106	1
4	-	1229155	53
4	-	1278574	1
4	-	1295497	1
4	-	1351749	4
4	-	1393655	2
4	-	1404994	1
4	-	1432159	1
4	-	1529385	1
4	-	1529662	1
4	-	1562361	1
4	-	1562422	1
4	-	1562455	6
4	-	1869205	1
4	-	2345922	1
4	-	2350498	3
4	-	2350569	5
4	-	2427767	1
4	-	2461704	1
4	-	2489494	2
4	-	2588002	1
4	-	2588029	1
4	-	2588088	1
4	-	2588143	3
4	-	2593541	1
4	-	2671862	2
4	-	2671923	3
4	-	2671958	8
4	-	2672013	3
4	-	2738724	1
4	-	3525584	1
4	-	3665143	1
4	-	3665885	1
4	-	4201238	1
4	-	5187825	1
4	-	5248931	1
4	-	5383876	2
4	-	5520727	1
4	-	5636522	1
4	-	5777411	1
4	-	5777436	1
4	-	6024893	1
4	-	6076962	1
4	-	6088232	1
4	-	6375122	1
4	-	6397393	1
4	-	6463042	4
4	-	6477866	1
4	-	6477912	3
4	-	6538610	1
4	-	6628467	1
4	-	6697724	1
4	-	6732602	2
4	-	6944918	1
4	-	6947534	1
4	-	7409638	1
4	-	7467979	2
4	-	7491385	1
4	-	7491448	3
4	-	7491501	1
4	-	7586152	2
4	-	7589394	1
4	-	7621829	1
4	-	7636451	1
4	-	7654944	1
4	-	7668154	3
4	-	7803978	3
4	-	7804065	1
4	-	7856860	1
4	-	7892827	1
4	-	7966992	1
4	-	7990432	1
4	-	7990471	1
4	-	7990531	1
4	-	7990593	1
4	-	8047779	6
4	-	8100579	1
4	-	8153877	1
4	-	8190305	1
4	-	8204256	1
4	-	8242560	8
4	-	8253550	1
4	-	8256085	2
4	-	8301975	1
4	-	8518014	5
4	-	8565702	1
4	-	8604010	1
4	-	8703079	1
4	-	8753571	1
4	-	8878071	1
4	-	8989067	1
4	-	9030527	1
4	-	9030574	1
4	-	9030603	1
4	-	9133907	1
4	-	9133964	1
4	-	9293685	1
4	-	9301391	2
4	-	9306706	1
4	-	9361978	1
4	-	9362735	1
4	-	9392332	1
4	-	9399998	6
4	-	9488666	1
4	-	9500205	1
4	-	9500332	2
4	-	9500359	1
4	-	9518892	3
4	-	9593555	1
4	-	9714183	2
4	-	9714238	3
4	-	9714281	5
4	-	9773552	3
4	-	9784001	1
4	-	9866995	1
4	-	9867020	1
4	-	9933402	1
4	-	9991010	1
4	-	10027512	1
4	-	10035558	18
4	-	10035613	1
4	-	10080333	1
4	-	10151117	1
4	-	10201697	1
4	-	10201725	1
4	-	10201776	6
4	-	10239782	1
4	-	10389138	1
4	-	10407463	2
4	-	10454529	2
4	-	10471377	1
4	-	10640500	1
4	-	10844135	1
4	-	10888242	1
4	-	10888262	1
4	-	10888295	1
4	-	11022622	2
4	-	11174450	1
4	-	11258760	2
4	-	11355872	1
4	-	11447450	1
4	-	11468796	1
4	-	11468830	1
4	-	11470949	1
4	-	11505993	1
4	-	11506143	1
4	-	11600072	1
4	-	11600099	1
4	-	11603597	1
4	-	11646271	4
4	-	11646339	1
4	-	11646387	3
4	-	11659579	1
4	-	11659653	1
4	-	11742058	1
4	-	11759186	2
4	-	11765963	1
4	-	11851235	2
4	-	11947244	1
4	-	11949255	1
4	-	11956176	1
4	-	11987758	1
4	-	12103203	1
4	-	12332642	2
4	-	12403495	1
4	-	12551738	2
4	-	12601763	1
4	-	12611448	1
4	-	12611511	1
4	-	12708802	1
4	-	12724739	1
4	-	12754533	1
4	-	12766048	1
4	-	12766076	19
4	-	12770329	1
4	-	12790257	2
4	-	12796267	1
4	-	12819434	1
4	-	12819510	1
4	-	12819511	2
4	-	12821351	1
4	-	12884382	4
4	-	12884434	12
4	-	12907968	1
4	-	12961255	2
4	-	13053735	1
4	-	13107338	3
4	-	13107375	1
4	-	13159489	4
4	-	13286780	1
4	-	13372392	1
4	-	13402475	1
4	-	13404505	3
4	-	13430526	1
4	-	13456433	1
4	-	13470123	1
4	-	13499031	1
4	-	13499079	10
4	-	13503084	1
4	-	13519866	1
4	-	13575794	1
4	-	13593952	11
4	-	13593987	3
4	-	13594029	1
4	-	13604557	1
4	-	13614879	1
4	-	13637344	1
4	-	13663634	1
4	-	13678502	1
4	-	13750492	5
4	-	13782629	1
4	-	13788909	1
4	-	13826398	5
4	-	13857752	1
4	-	13915907	1
4	-	13923750	1
4	-	13923773	1
4	-	13948700	1
4	-	13980967	1
4	-	13997721	1
4	-	14029142	2
4	-	14041268	1
4	-	14132849	1
4	-	14202742	1
4	-	14202844	35
4	-	14203862	1
4	-	14264075	1
4	-	14297133	1
4	-	14398707	1
4	-	14465049	4
4	-	14468281	1
4	-	14512550	1
4	-	14534266	1
4	-	14535642	1
4	-	14562808	3
4	-	14599294	1
4	-	14626922	1
4	-	14689121	1
4	-	14703204	1
4	-	14770585	1
4	-	14802925	2
4	-	14802954	1
4	-	14819193	2
4	-	14819271	2
4	-	14881926	1
4	-	14932359	1
4	-	14937910	1
4	-	14948566	1
4	-	14971872	1
4	-	14971906	1
4	-	15017618	1
4	-	15036095	1
4	-	15036137	1
4	-	15057076	1
4	-	15057140	1
4	-	15111483	1
4	-	15111535	1
4	-	15153197	3
4	-	15153475	1
4	-	15241999	1
4	-	15346126	4
4	-	15346160	1
4	-	15354044	1
4	-	15419035	1
4	-	15419196	1
4	-	15470858	1
4	-	15526112	1
4	-	15526166	1
4	-	15573633	1
4	-	15573685	6
4	-	15573789	3
4	-	15640653	1
4	-	15647412	1
4	-	15669418	2
4	-	15689493	1
4	-	15689526	1
4	-	15693162	1
4	-	15728149	1
4	-	15908631	1
4	-	15926709	3
4	-	15944435	1
4	-	15944465	1
4	-	15965739	1
4	-	15972362	2
4	-	16002533	2
4	-	16036140	1
4	-	16038940	1
4	-	16064553	1
4	-	16077955	1
4	-	16159647	1
4	-	16169540	1
4	-	16193441	1
4	-	16233224	6
4	-	16372448	3
4	-	16372495	1
4	-	16428553	12
4	-	16484649	1
4	-	16534918	32
4	-	16535025	1
4	-	16567913	3
4	-	16567989	1
4	-	16569501	1
4	-	16642316	1
4	-	16664837	1
4	-	16700733	1
4	-	16700771	2
4	-	16700842	1
4	-	16755127	1
4	-	16771168	1
4	-	16771279	1
4	-	16774232	1
4	-	16774280	1
4	-	16887165	1
4	-	16888449	1
4	-	16972802	1
4	-	17008474	1
4	-	17049318	1
4	-	17049497	1
4	-	17137343	1
4	-	17137362	1
4	-	17137395	1
4	-	17165369	1
4	-	17176725	1
4	-	17225916	1
4	-	17225986	1
4	-	17232851	1
4	-	17271822	1
4	-	17281539	1
4	-	17309621	1
4	-	17509657	2
4	-	17559021	1
4	-	17639494	1
4	-	17729150	1
4	-	17775428	2
4	-	17775480	1
4	-	17787526	5
4	-	17825085	1
4	-	17825140	3
4	-	17830596	1
4	-	17831781	7
4	-	17886880	1
4	-	17896291	1
4	-	18023081	1
4	-	18057168	2
4	-	18071945	2
4	-	18077879	5
4	-	18083429	5
4	-	18096806	2
4	-	18096809	4
4	-	18124978	4
4	-	18154439	1
4	-	18163517	1
4	-	18163560	47
4	-	18189071	1
4	-	18218024	1
4	-	18273976	2
4	-	18276706	1
4	-	18368849	1
4	-	18371115	1
4	-	18385614	1
4	-	18469373	1
4	-	18469414	1
4	-	18555576	1
4	-	18555633	3
4	-	18555715	1
4	-	18557248	1
4	-	18557280	3
4	-	18560999	1
4	-	18571428	1
5	+	34111	1
5	+	101593	1
5	+	210275	1
5	+	210378	51
5	+	210442	4
5	+	210454	2
5	+	253960	1
5	+	291274	1
5	+	311818	2
5	+	311884	1
5	+	360940	1
5	+	419730	1
5	+	419789	1
5	+	427248	2
5	+	427313	1
5	+	450655	1
5	+	470281	1
5	+	482777	1
5	+	534530	2
5	+	534579	1
5	+	534619	1
5	+	588699	2
5	+	608127	1
5	+	618598	1
5	+	627028	1
5	+	651801	1
5	+	651851	1
5	+	659681	9
5	+	799106	3
5	+	815590	1
5	+	894099	1
5	+	894147	2
5	+	918473	2
5	+	940014	1
5	+	940071	1
5	+	984071	1
5	+	1137934	1
5	+	1138400	4
5	+	1174907	1
5	+	1195642	1
5	+	1246640	1
5	+	1281660	1
5	+	1322482	5
5	+	1325606	2
5	+	1373581	2
5	+	1389818	7
5	+	1479987	1
5	+	1480027	1
5	+	1480109	1
5	+	1504490	1
5	+	1549789	1
5	+	1564977	1
5	+	1645857	1
5	+	1757085	1
5	+	1799450	1
5	+	1852988	2
5	+	1921391	2
5	+	1938110	1
5	+	1946649	1
5	+	1955400	1
5	+	2059785	1
5	+	2065990	1
5	+	2112530	1
5	+	2154545	1
5	+	2169278	2
5	+	2169345	1
5	+	2204002	4
5	+	2319667	1
5	+	2473818	1
5	+	2543459	1
5	+	2579086	1
5	+	2579139	2
5	+	2582368	4
5	+	2661388	1
5	+	2669916	1
5	+	2681640	2
5	+	2681682	1
5	+	2786025	1
5	+	2797623	1
5	+	2805390	1
5	+	2818011	1
5	+	2824905	1
5	+	2824931	4
5	+	2828553	1
5	+	2828590	2
5	+	2855567	1
5	+	2927417	1
5	+	2943629	1
5	+	3054384	2
5	+	3054414	1
5	+	3054473	4
5	+	3054602	1
5	+	3078230	2
5	+	3107769	1
5	+	3160491	1
5	+	3197056	2
5	+	3204706	1
5	+	3268808	2
5	+	3332535	1
5	+	3409976	2
5	+	3465688	1
5	+	3556887	2
5	+	3582016	1
5	+	3587018	1
5	+	3647202	1
5	+	3647310	1
5	+	3656553	1
5	+	3656596	1
5	+	3743975	1
5	+	3760837	2
5	+	3780125	1
5	+	3782541	1
5	+	3784748	8
5	+	3784828	1
5	+	3984049	1
5	+	4096976	1
5	+	4128562	1
5	+	4136618	3
5	+	4161791	1
5	+	4316387	1
5	+	4342023	3
5	+	4342087	6
5	+	4342101	1
5	+	4402532	1
5	+	4402614	2
5	+	4402757	1
5	+	4402801	1
5	+	4402846	2
5	+	4472817	1
5	+	4472848	1
5	+	4490249	3
5	+	4506185	1
5	+	4528406	1
5	+	4558709	1
5	+	4617616	1
5	+	4660164	1
5	+	4714919	1
5	+	4762529	1
5	+	4762582	4
5	+	4848862	2
5	+	4866559	1
5	+	4976228	1
5	+	4978815	1
5	+	4978895	1
5	+	5040658	1
5	+	5082161	1
5	+	5089966	1
5	+	5094229	1
5	+	5161323	2
5	+	5212649	2
5	+	5247346	1
5	+	5270047	3
5	+	5270089	1
5	+	5270117	1
5	+	5373726	1
5	+	5380004	1
5	+	5392379	1
5	+	5392384	1
5	+	5406873	1
5	+	5485049	1
5	+	5496788	1
5	+	5538201	2
5	+	5602915	1
5	+	5651089	1
5	+	5658115	1
5	+	5789802	1
5	+	5789931	1
5	+	5810875	1
5	+	5908278	11
5	+	5923349	1
5	+	5928888	1
5	+	5932533	1
5	+	5932745	1
5	+	5939409	15
5	+	5939462	2
5	+	5959922	1
5	+	5964270	1
5	+	5982931	1
5	+	6037646	1
5	+	6063019	1
5	+	6092582	1
5	+	6126649	1
5	+	6141548	1
5	+	6146480	1
5	+	6146540	1
5	+	6205558	1
5	+	6228061	2
5	+	6266174	1
5	+	6274533	1
5	+	6344780	1
5	+	6390059	1
5	+	6426057	2
5	+	6458120	1
5	+	6471011	3
5	+	6472925	2
5	+	6521471	1
5	+	6544979	1
5	+	6565524	1
5	+	6597776	1
5	+	6597856	2
5	+	6656572	1
5	+	6689034	1
5	+	6689091	2
5	+	6740837	3
5	+	6740886	1
5	+	6759692	1
5	+	6761913	1
5	+	6764566	6
5	+	6779574	2
5	+	6815307	1
5	+	6815383	1
5	+	6825968	1
5	+	6939823	6
5	+	6966224	1
5	+	7016411	1
5	+	7016453	19
5	+	7103198	1
5	+	7104017	1
5	+	7167188	2
5	+	7208369	1
5	+	7221875	1
5	+	7223621	1
5	+	7248871	2
5	+	7396836	1
5	+	7503264	1
5	+	7503302	1
5	+	7503329	1
5	+	7533755	1
5	+	7536271	1
5	+	7630982	1
5	+	7667151	1
5	+	7706826	1
5	+	7706890	3
5	+	7721785	1
5	+	7780609	1
5	+	7844278	1
5	+	7939507	2
5	+	8044820	1
5	+	8117922	1
5	+	8189233	2
5	+	8207983	1
5	+	8279188	1
5	+	8432492	1
5	+	8591067	1
5	+	8591165	2
5	+	8591191	1
5	+	8609558	1
5	+	8738389	1
5	+	8754482	1
5	+	8774895	1
5	+	8775530	1
5	+	9075608	1
5	+	9099124	2
5	+	9148406	1
5	+	9210567	1
5	+	9456796	1
5	+	9456918	1
5	+	9543850	1
5	+	9543872	1
5	+	9557425	1
5	+	9678543	1
5	+	9693226	1
5	+	9697293	1
5	+	9733788	1
5	+	9746969	1
5	+	9817516	1
5	+	9817552	1
5	+	9837273	1
5	+	9874479	16
5	+	10136887	1
5	+	10479241	1
5	+	10479274	1
5	+	10783906	1
5	+	12081507	2
5	+	12591643	1
5	+	13050526	1
5	+	13417196	2
5	+	13423657	1
5	+	13674716	1
5	+	13833333	2
5	+	13833408	23
5	+	13896877	1
5	+	14652288	1
5	+	14755362	1
5	+	14900451	1
5	+	14961594	1
5	+	15068935	1
5	+	15190089	1
5	+	15265579	1
5	+	15411421	1
5	+	15411493	5
5	+	15460791	1
5	+	15607164	1
5	+	15607226	4
5	+	15704101	1
5	+	15820116	1
5	+	15828218	1
5	+	15905366	15
5	+	15937102	1
5	+	16073280	1
5	+	16073311	1
5	+	16165256	1
5	+	16165318	1
5	+	16173339	1
5	+	16224120	1
5	+	16287784	1
5	+	16342568	1
5	+	16404350	1
5	+	16411733	2
5	+	16412033	2
5	+	16437669	1
5	+	16677373	2
5	+	16732141	1
5	+	16817287	1
5	+	16828449	1
5	+	16848133	1
5	+	16848230	1
5	+	16905202	1
5	+	17231253	1
5	+	17236566	1
5	+	17243787	4
5	+	17243835	1
5	+	17243882	4
5	+	17243923	2
5	+	17302929	1
5	+	17461613	1
5	+	17461671	4
5	+	17530299	1
5	+	17545671	1
5	+	17686452	1
5	+	17686526	4
5	+	17693383	1
5	+	17714232	2
5	+	17714278	1
5	+	17737800	1
5	+	17737829	1
5	+	17781250	1
5	+	17800754	1
5	+	17800819	1
5	+	17965780	1
5	+	17980341	1
5	+	17980413	2
5	+	18015384	1
5	+	18045394	3
5	+	18045478	1
5	+	18118681	1
5	+	18219993	1
5	+	18246232	1
5	+	18332555	1
5	+	18356869	1
5	+	18395867	1
5	+	18398037	3
5	+	18465020	1
5	+	18636603	1
5	+	18671053	1
5	+	18671309	1
5	+	18688698	1
5	+	18700061	2
5	+	18700403	13
5	+	18757569	1
5	+	18832954	1
5	+	18834538	1
5	+	18834583	1
5	+	18872379	1
5	+	18872434	1
5	+	18897326	1
5	+	18923452	1
5	+	18965063	1
5	+	18976305	1
5	+	19092315	1
5	+	19137801	2
5	+	19137861	1
5	+	19168816	1
5	+	19205176	1
5	+	19243499	2
5	+	19310244	1
5	+	19331260	1
5	+	19347636	1
5	+	19378316	4
5	+	19552236	1
5	+	19572738	1
5	+	19592854	1
5	+	19678046	1
5	+	19699948	1
5	+	19814488	1
5	+	19938346	1
5	+	19951616	1
5	+	19958854	1
5	+	20058375	1
5	+	20071312	1
5	+	20071440	1
5	+	20259229	1
5	+	20306409	5
5	+	20306442	5
5	+	20319837	1
5	+	20433098	1
5	+	20437723	1
5	+	20479450	1
5	+	20693211	1
5	+	20693285	1
5	+	20819526	1
5	+	20843767	1
5	+	20922989	1
5	+	20968247	1
5	+	21010308	1
5	+	21105933	1
5	+	21133504	1
5	+	21165024	1
5	+	21206645	1
5	+	21243463	2
5	+	21284453	2
5	+	21288878	1
5	+	21314107	2
5	+	21321185	1
5	+	21334795	1
5	+	21342962	1
5	+	21400591	1
5	+	21466796	1
5	+	21478403	1
5	+	21557500	1
5	+	21562217	1
5	+	21562254	1
5	+	21609326	1
5	+	21640862	1
5	+	21647685	2
5	+	21709979	3
5	+	21717329	1
5	+	21717662	1
5	+	21760578	1
5	+	21792386	1
5	+	21868807	1
5	+	21984288	2
5	+	22039439	22
5	+	22087940	1
5	+	22129404	1
5	+	22157976	3
5	+	22158042	2
5	+	22182812	1
5	+	22184512	5
5	+	22197465	3
5	+	22214107	1
5	+	22219204	1
5	+	22247975	2
5	+	22248039	6
5	+	22248149	1
5	+	22287197	1
5	+	22298296	1
5	+	22373126	1
5	+	22405355	1
5	+	22468172	3
5	+	22469318	2
5	+	22495896	1
5	+	22517872	1
5	+	22528046	1
5	+	22530809	1
5	+	22605206	1
5	+	22656113	1
5	+	22684027	8
5	+	22684084	3
5	+	22689613	6
5	+	22698626	1
5	+	22716801	1
5	+	22728341	1
5	+	22731187	1
5	+	22737307	1
5	+	22783349	1
5	+	22909502	1
5	+	22938998	1
5	+	23032352	1
5	+	23076894	1
5	+	23171028	1
5	+	23220984	1
5	+	23356935	2
5	+	23356990	1
5	+	23443768	2
5	+	23530073	1
5	+	23551915	1
5	+	23551999	1
5	+	23552053	2
5	+	23560477	4
5	+	23567188	1
5	+	23617452	1
5	+	23644570	1
5	+	23735590	1
5	+	23745918	1
5	+	23816025	1
5	+	23906971	3
5	+	23930090	1
5	+	23942079	1
5	+	23964777	1
5	+	23972817	1
5	+	23987322	1
5	+	24045629	1
5	+	24061913	1
5	+	24121808	2
5	+	24123799	1
5	+	24127823	5
5	+	24127881	1
5	+	24242210	1
5	+	24260048	1
5	+	24290777	1
5	+	24290846	40
5	+	24291012	1
5	+	24350042	1
5	+	24485701	1
5	+	24546234	1
5	+	24562280	1
5	+	24612388	2
5	+	24625490	1
5	+	24625552	1
5	+	24628908	1
5	+	24628936	1
5	+	24817735	1
5	+	24893282	1
5	+	24893327	1
5	+	24915163	1
5	+	24915190	1
5	+	24955389	2
5	+	25038261	1
5	+	25105541	1
5	+	25111831	1
5	+	25118669	1
5	+	25118844	1
5	+	25166487	1
5	+	25183321	1
5	+	25183655	4
5	+	25183714	1
5	+	25186600	2
5	+	25186689	1
5	+	25190576	1
5	+	25223713	1
5	+	25247276	1
5	+	25247367	1
5	+	25290431	1
5	+	25294978	3
5	+	25329762	1
5	+	25330853	1
5	+	25408385	1
5	+	25425843	1
5	+	25448188	1
5	+	25453791	2
5	+	25453823	1
5	+	25481484	1
5	+	25492700	1
5	+	25549109	1
5	+	25611930	1
5	+	25710863	1
5	+	25721003	1
5	+	25741196	1
5	+	25748392	1
5	+	25750384	9
5	+	25828017	1
5	+	25934139	1
5	+	25958642	1
5	+	25972558	1
5	+	26062652	8
5	+	26157362	1
5	+	26176470	1
5	+	26177497	1
5	+	26225881	1
5	+	26256295	1
5	+	26256417	1
5	+	26256486	1
5	+	26297979	1
5	+	26298045	1
5	+	26298071	1
5	+	26300475	2
5	+	26300485	2
5	+	26311026	1
5	+	26385224	1
5	+	26451097	1
5	+	26463661	1
5	+	26468398	2
5	+	26470555	1
5	+	26511788	1
5	+	26569998	1
5	+	26570223	57
5	+	26570285	6
5	+	26570365	1
5	+	26574865	1
5	+	26657485	2
5	+	26802057	1
5	+	26863480	1
5	+	26867594	1
5	+	26887255	1
5	+	26937357	3
5	-	1272	1
5	-	86708	1
5	-	145633	1
5	-	172353	1
5	-	176474	1
5	-	227959	4
5	-	313657	1
5	-	372909	1
5	-	424289	1
5	-	506497	2
5	-	506543	38
5	-	550198	2
5	-	553847	5
5	-	553888	21
5	-	558434	2
5	-	573108	1
5	-	627087	1
5	-	627118	1
5	-	638026	1
5	-	670088	1
5	-	670141	1
5	-	693120	17
5	-	710101	1
5	-	710144	1
5	-	710232	1
5	-	771758	1
5	-	815703	2
5	-	849001	1
5	-	856837	1
5	-	885564	1
5	-	898221	1
5	-	909378	1
5	-	922213	1
5	-	999169	1
5	-	1028200	1
5	-	1028338	3
5	-	1028368	5
5	-	1039996	1
5	-	1060127	1
5	-	1250273	2
5	-	1250336	1
5	-	1271515	1
5	-	1289853	1
5	-	1292028	1
5	-	1474171	1
5	-	1530182	1
5	-	1577089	1
5	-	1590797	1
5	-	1590828	1
5	-	1639033	1
5	-	1695714	1
5	-	1740596	1
5	-	1751771	1
5	-	1762419	1
5	-	1823945	1
5	-	1917801	1
5	-	1959502	1
5	-	1989786	1
5	-	2019134	1
5	-	2090702	1
5	-	2116680	1
5	-	2127028	1
5	-	2180503	3
5	-	2362567	1
5	-	2521650	1
5	-	2631656	1
5	-	2631681	1
5	-	2634102	1
5	-	2663497	2
5	-	2663501	2
5	-	2663559	6
5	-	2663623	1
5	-	2707099	1
5	-	2759324	2
5	-	2770893	1
5	-	2818156	5
5	-	2818186	2
5	-	2841447	1
5	-	2875235	1
5	-	2892485	1
5	-	2955499	10
5	-	2991168	9
5	-	2993490	7
5	-	3055984	1
5	-	3085031	1
5	-	3137356	1
5	-	3181970	1
5	-	3182025	2
5	-	3187314	1
5	-	3255486	1
5	-	3258575	3
5	-	3268846	1
5	-	3268847	2
5	-	3270333	1
5	-	3284212	3
5	-	3297831	1
5	-	3400462	1
5	-	3400491	2
5	-	3418691	1
5	-	3424748	1
5	-	3445458	1
5	-	3448666	1
5	-	3459403	1
5	-	3472428	5
5	-	3516222	1
5	-	3546407	1
5	-	3669210	1
5	-	3762552	1
5	-	3790927	1
5	-	3858587	1
5	-	3868624	1
5	-	3868692	1
5	-	3916067	3
5	-	3922936	1
5	-	3924264	1
5	-	3940551	1
5	-	3941570	1
5	-	3961025	1
5	-	3961140	4
5	-	3974228	1
5	-	4044789	1
5	-	4047516	1
5	-	4059671	2
5	-	4059743	3
5	-	4170524	1
5	-	4255592	1
5	-	4301827	2
5	-	4305269	1
5	-	4326394	1
5	-	4387409	5
5	-	4387452	7
5	-	4423792	1
5	-	4423825	1
5	-	4423931	1
5	-	4447423	4
5	-	4530721	1
5	-	4530860	1
5	-	4578369	3
5	-	4596066	1
5	-	4617700	6
5	-	4619796	1
5	-	4680583	1
5	-	4680657	2
5	-	4726818	1
5	-	4785966	1
5	-	4889434	4
5	-	4934960	18
5	-	4935015	6
5	-	4953013	1
5	-	4984976	2
5	-	4985035	1
5	-	5100983	1
5	-	5144767	2
5	-	5176090	1
5	-	5178518	1
5	-	5243766	1
5	-	5283622	1
5	-	5310111	1
5	-	5360811	2
5	-	5360895	1
5	-	5463160	1
5	-	5465486	2
5	-	5526791	1
5	-	5659611	1
5	-	5659673	1
5	-	5674768	1
5	-	5786528	1
5	-	5839338	2
5	-	5839413	1
5	-	5864249	1
5	-	5864286	1
5	-	5864334	5
5	-	5895675	1
5	-	5908866	1
5	-	5966182	2
5	-	5999817	1
5	-	6010001	1
5	-	6021484	2
5	-	6090060	8
5	-	6090134	1
5	-	6090192	1
5	-	6146731	1
5	-	6220787	1
5	-	6228248	1
5	-	6354961	1
5	-	6357442	1
5	-	6426132	1
5	-	6463839	1
5	-	6558502	1
5	-	6581703	6
5	-	6627987	1
5	-	6679390	3
5	-	6679424	4
5	-	6679771	1
5	-	6682525	2
5	-	6682591	2
5	-	6682619	1
5	-	6714323	2
5	-	6740861	1
5	-	6787036	1
5	-	6798903	1
5	-	6803841	3
5	-	6840910	1
5	-	6851518	12
5	-	6851588	1
5	-	6887706	1
5	-	6887738	2
5	-	6926627	1
5	-	6943166	1
5	-	6975099	1
5	-	6975118	1
5	-	6975143	2
5	-	6975171	5
5	-	7005835	1
5	-	7007014	1
5	-	7016538	1
5	-	7084067	1
5	-	7086827	1
5	-	7094718	1
5	-	7214499	1
5	-	7241206	1
5	-	7249245	1
5	-	7280378	1
5	-	7289704	1
5	-	7303660	1
5	-	7314574	1
5	-	7334444	1
5	-	7373994	1
5	-	7397422	1
5	-	7408779	1
5	-	7418245	1
5	-	7435125	3
5	-	7524286	1
5	-	7551476	1
5	-	7554927	1
5	-	7589853	1
5	-	7589964	1
5	-	7616063	5
5	-	7630952	1
5	-	7651974	2
5	-	7729370	1
5	-	7736613	2
5	-	7736661	2
5	-	7874676	1
5	-	7888516	1
5	-	7903080	2
5	-	7904802	1
5	-	7960538	1
5	-	8008120	10
5	-	8063997	2
5	-	8064049	3
5	-	8073311	2
5	-	8183150	1
5	-	8330363	1
5	-	8330413	1
5	-	8757616	1
5	-	8794313	2
5	-	8891530	1
5	-	8891588	2
5	-	8906610	1
5	-	8914260	5
5	-	8914393	1
5	-	8965244	1
5	-	8973293	1
5	-	9079531	6
5	-	9079631	1
5	-	9099186	1
5	-	9158327	1
5	-	9158396	3
5	-	9243679	1
5	-	9255256	1
5	-	9255324	1
5	-	9285081	10
5	-	9285229	1
5	-	9674415	1
5	-	9781065	2
5	-	9789472	3
5	-	9807301	1
5	-	9807386	4
5	-	9807441	7
5	-	10030387	1
5	-	10043999	1
5	-	10069589	12
5	-	10372846	4
5	-	10540507	4
5	-	10647605	1
5	-	10784004	7
5	-	10862195	1
5	-	10862239	2
5	-	10862316	1
5	-	11619130	2
5	-	11619183	1
5	-	12593489	1
5	-	13108153	1
5	-	13462161	1
5	-	13484474	1
5	-	13599218	1
5	-	13710138	1
5	-	13710199	1
5	-	13900761	1
5	-	13956772	1
5	-	14062138	1
5	-	14233112	1
5	-	14248091	1
5	-	14248123	1
5	-	14253743	1
5	-	14561816	6
5	-	14561819	2
5	-	14561859	2
5	-	14564079	1
5	-	14645747	1
5	-	14805225	1
5	-	14812656	1
5	-	14866121	1
5	-	14866202	1
5	-	14981641	1
5	-	15056231	1
5	-	15056468	1
5	-	15223017	1
5	-	15377369	101
5	-	15380988	6
5	-	15381073	16
5	-	15381120	2
5	-	15384160	1
5	-	15384238	32
5	-	15384330	1
5	-	15417685	1
5	-	15573611	1
5	-	15826165	1
5	-	15932713	1
5	-	15976553	1
5	-	15990695	1
5	-	15990743	2
5	-	16040057	1
5	-	16093175	1
5	-	16185565	1
5	-	16264706	1
5	-	16315299	2
5	-	16381488	1
5	-	16425695	1
5	-	16609217	9
5	-	16794944	1
5	-	16807643	2
5	-	16811438	1
5	-	16829224	1
5	-	16831752	2
5	-	16854281	1
5	-	16912477	1
5	-	17001356	1
5	-	17004728	1
5	-	17004786	64
5	-	17004841	1
5	-	17097695	1
5	-	17150369	2
5	-	17159083	1
5	-	17159209	1
5	-	17248438	1
5	-	17315531	1
5	-	17360329	1
5	-	17622344	1
5	-	17632334	1
5	-	17688862	2
5	-	17688951	2
5	-	17801966	1
5	-	17840484	1
5	-	17859213	4
5	-	17874728	1
5	-	17961191	1
5	-	17961261	1
5	-	18006362	1
5	-	18095668	1
5	-	18095720	2
5	-	18270385	1
5	-	18381894	1
5	-	18381973	1
5	-	18384573	1
5	-	18401904	1
5	-	18416610	1
5	-	18565126	1
5	-	18565151	2
5	-	18586984	1
5	-	18662850	1
5	-	18662878	1
5	-	18897420	1
5	-	18988648	1
5	-	19133990	1
5	-	19134049	1
5	-	19164246	4
5	-	19169071	2
5	-	19287615	2
5	-	19316137	1
5	-	19316209	2
5	-	19327813	1
5	-	19327853	4
5	-	19327941	1
5	-	19384377	1
5	-	19406254	1
5	-	19522307	1
5	-	19527856	1
5	-	19647866	1
5	-	19721562	2
5	-	19744518	1
5	-	19771137	1
5	-	19771138	1
5	-	19789115	1
5	-	19836479	1
5	-	19897565	1
5	-	19958872	1
5	-	19984729	1
5	-	20037094	1
5	-	20097900	2
5	-	20142511	2
5	-	20197447	1
5	-	20205402	1
5	-	20288143	1
5	-	20452531	3
5	-	20481129	1
5	-	20551450	1
5	-	20635824	1
5	-	20675674	1
5	-	20710235	1
5	-	20715477	1
5	-	20715508	4
5	-	20745429	1
5	-	20773295	1
5	-	20778202	3
5	-	20878616	1
5	-	20997451	1
5	-	21152221	1
5	-	21176548	1
5	-	21200065	1
5	-	21321427	1
5	-	21355623	3
5	-	21355653	1
5	-	21359138	1
5	-	21390872	1
5	-	21390891	1
5	-	21537755	1
5	-	21632519	1
5	-	21632558	5
5	-	21723279	1
5	-	21984907	1
5	-	22077098	1
5	-	22097286	1
5	-	22184664	1
5	-	22184748	1
5	-	22227399	1
5	-	22227640	2
5	-	22264667	1
5	-	22264746	1
5	-	22308277	5
5	-	22383572	2
5	-	22396514	1
5	-	22486425	1
5	-	22558120	1
5	-	22558232	1
5	-	22645946	1
5	-	22750605	1
5	-	22823305	1
5	-	22835992	1
5	-	22935196	1
5	-	22935233	3
5	-	22935291	2
5	-	22943777	1
5	-	22943881	6
5	-	22989273	1
5	-	23083993	1
5	-	23162069	1
5	-	23206849	1
5	-	23206879	1
5	-	23206930	5
5	-	23229432	1
5	-	23230982	1
5	-	23307147	1
5	-	23314882	1
5	-	23405454	1
5	-	23408910	1
5	-	23470015	1
5	-	23521067	1
5	-	23554417	1
5	-	23579778	1
5	-	23596019	1
5	-	23621234	1
5	-	23638276	1
5	-	23638331	1
5	-	23800944	1
5	-	23870088	1
5	-	23874440	2
5	-	23890635	1
5	-	24015470	1
5	-	24015504	3
5	-	24107218	1
5	-	24112217	2
5	-	24112254	2
5	-	24112286	3
5	-	24112333	1
5	-	24115462	2
5	-	24142150	1
5	-	24291188	1
5	-	24317436	1
5	-	24317440	1
5	-	24380971	2
5	-	24453447	3
5	-	24528212	1
5	-	24683612	6
5	-	24683650	1
5	-	24733831	1
5	-	24741436	1
5	-	24827100	1
5	-	24827103	1
5	-	24827178	4
5	-	24830009	1
5	-	24934961	1
5	-	24935000	1
5	-	24950318	2
5	-	25021199	1
5	-	25021224	1
5	-	25052077	1
5	-	25053452	1
5	-	25149433	1
5	-	25165164	1
5	-	25214162	1
5	-	25304187	1
5	-	25308567	1
5	-	25324980	1
5	-	25333288	1
5	-	25353134	1
5	-	25371921	1
5	-	25374304	1
5	-	25393046	1
5	-	25393089	1
5	-	25395016	1
5	-	25415698	1
5	-	25571931	1
5	-	25628532	1
5	-	25628609	7
5	-	25628695	1
5	-	25659388	1
5	-	25664428	4
5	-	25667189	1
5	-	25667324	1
5	-	25667353	1
5	-	25668845	1
5	-	25681572	1
5	-	25681610	1
5	-	25711109	1
5	-	25714305	2
5	-	25734641	1
5	-	25734697	1
5	-	25772889	3
5	-	25801588	1
5	-	25810132	1
5	-	25852402	2
5	-	25916782	1
5	-	26009638	1
5	-	26080230	1
5	-	26102205	1
5	-	26119983	1
5	-	26148207	1
5	-	26148347	1
5	-	26451005	3
5	-	26451053	4
5	-	26451516	2
5	-	26541835	1
5	-	26547227	1
5	-	26556394	1
5	-	26559629	1
5	-	26617648	1
5	-	26638866	1
5	-	26695700	1
5	-	26701064	1
5	-	26718263	1
5	-	26820131	1
5	-	26848253	1
5	-	26904454	2
5	-	26959590	1
5	-	26959629	1
5	-	26960965	1
chloroplast	+	7880	1
chloroplast	+	32401	1
chloroplast	+	32529	2
chloroplast	+	32701	1
chloroplast	+	32728	1
chloroplast	+	46600	2
chloroplast	+	46881	1
chloroplast	+	60635	1
chloroplast	+	77012	1
chloroplast	+	101718	2
chloroplast	+	104778	3
chloroplast	+	104815	1
chloroplast	+	104841	1
chloroplast	+	104886	45
chloroplast	+	104952	1
chloroplast	+	105130	4
chloroplast	+	105226	1
chloroplast	+	105742	1
chloroplast	+	107503	1
chloroplast	+	139529	1
chloroplast	+	139636	1
chloroplast	-	442	1
chloroplast	-	4012	2
chloroplast	-	17684	1
chloroplast	-	17945	1
chloroplast	-	28731	1
chloroplast	-	37125	1
chloroplast	-	37200	4
chloroplast	-	41808	1
chloroplast	-	49737	1
chloroplast	-	49816	1
chloroplast	-	66560	1
chloroplast	-	68437	1
chloroplast	-	77828	1
chloroplast	-	78125	1
chloroplast	-	81265	1
chloroplast	-	82415	1
chloroplast	-	84670	1
chloroplast	-	99143	1
chloroplast	-	111156	1
chloroplast	-	118816	1
chloroplast	-	118843	1
chloroplast	-	121148	1
chloroplast	-	131735	1
chloroplast	-	132908	1
chloroplast	-	133519	1
chloroplast	-	133595	4
chloroplast	-	133658	1
chloroplast	-	133763	35
chloroplast	-	133844	3
chloroplast	-	133871	3
chloroplast	-	134716	2
chloroplast	-	136996	1
chloroplast	-	137147	1
chloroplast	-	137461	1
mitochondria	+	130196	1
mitochondria	+	278891	1
mitochondria	-	8941	4
mitochondria	-	40174	1
mitochondria	-	126376	1
mitochondria	-	204412	1
mitochondria	-	262214	1
mitochondria	-	302012	1
mitochondria	-	356699	1
